   0.9999994420E+06  0.7628894307E+02  0.3195578514E+21  0.1241945492E+18  0.2441924299E+16
   0.1033894430E+07  0.7628919198E+02  0.3531660441E+21  0.1241950895E+18  0.2441926955E+16
   0.1068938299E+07  0.7628919195E+02  0.3903088411E+21  0.1241950895E+18  0.2441926955E+16
   0.1105169990E+07  0.7628919192E+02  0.4313579803E+21  0.1241950894E+18  0.2441926954E+16
   0.1142629765E+07  0.7628919189E+02  0.4767242951E+21  0.1241950893E+18  0.2441926954E+16
   0.1181359248E+07  0.7628919186E+02  0.5268618269E+21  0.1241950893E+18  0.2441926954E+16
   0.1221401478E+07  0.7628919182E+02  0.5822723689E+21  0.1241950892E+18  0.2441926953E+16
   0.1262800948E+07  0.7628919178E+02  0.6435104885E+21  0.1241950891E+18  0.2441926953E+16
   0.1305603662E+07  0.7628919174E+02  0.7111890774E+21  0.1241950890E+18  0.2441926953E+16
   0.1349857184E+07  0.7628919170E+02  0.7859854856E+21  0.1241950889E+18  0.2441926952E+16
   0.1395610688E+07  0.7628919166E+02  0.8686483007E+21  0.1241950888E+18  0.2441926952E+16
   0.1442915016E+07  0.7628919161E+02  0.9600048400E+21  0.1241950887E+18  0.2441926951E+16
   0.1491822733E+07  0.7628919156E+02  0.1060969430E+22  0.1241950886E+18  0.2441926951E+16
   0.1542388186E+07  0.7628919150E+02  0.1172552559E+22  0.1241950885E+18  0.2441926950E+16
   0.1594667563E+07  0.7628919144E+02  0.1295870989E+22  0.1241950884E+18  0.2441926949E+16
   0.1648718960E+07  0.7628919138E+02  0.1432158930E+22  0.1241950882E+18  0.2441926949E+16
   0.1704602437E+07  0.7628919131E+02  0.1582780400E+22  0.1241950881E+18  0.2441926948E+16
   0.1762380093E+07  0.7628919124E+02  0.1749242867E+22  0.1241950879E+18  0.2441926947E+16
   0.1822116133E+07  0.7628919116E+02  0.1933212346E+22  0.1241950877E+18  0.2441926946E+16
   0.1883876934E+07  0.7628919108E+02  0.2136530063E+22  0.1241950876E+18  0.2441926945E+16
   0.1947731127E+07  0.7628919099E+02  0.2361230891E+22  0.1241950874E+18  0.2441926945E+16
   0.2013749667E+07  0.7628919089E+02  0.2609563712E+22  0.1241950872E+18  0.2441926944E+16
   0.2082005914E+07  0.7628919079E+02  0.2884013923E+22  0.1241950869E+18  0.2441926942E+16
   0.2152575717E+07  0.7628919068E+02  0.3187328315E+22  0.1241950867E+18  0.2441926941E+16
   0.2225537493E+07  0.7628919057E+02  0.3522542560E+22  0.1241950865E+18  0.2441926940E+16
   0.2300972318E+07  0.7628919044E+02  0.3893011595E+22  0.1241950862E+18  0.2441926939E+16
   0.2378964017E+07  0.7628919031E+02  0.4302443199E+22  0.1241950859E+18  0.2441926937E+16
   0.2459599254E+07  0.7628919017E+02  0.4754935100E+22  0.1241950856E+18  0.2441926936E+16
   0.2542967633E+07  0.7628919002E+02  0.5255015990E+22  0.1241950853E+18  0.2441926934E+16
   0.2629161795E+07  0.7628918986E+02  0.5807690846E+22  0.1241950849E+18  0.2441926932E+16
   0.2718277518E+07  0.7628918968E+02  0.6418491024E+22  0.1241950845E+18  0.2441926931E+16
   0.2810413830E+07  0.7628918950E+02  0.7093529618E+22  0.1241950841E+18  0.2441926929E+16
   0.2905673114E+07  0.7628918930E+02  0.7839562640E+22  0.1241950837E+18  0.2441926927E+16
   0.3004161223E+07  0.7628918909E+02  0.8664056640E+22  0.1241950832E+18  0.2441926924E+16
   0.3105987598E+07  0.7628918887E+02  0.9575263432E+22  0.1241950828E+18  0.2441926922E+16
   0.3211265392E+07  0.7628918862E+02  0.1058230268E+23  0.1241950822E+18  0.2441926919E+16
   0.3320111588E+07  0.7628918837E+02  0.1169525317E+23  0.1241950817E+18  0.2441926917E+16
   0.3432647140E+07  0.7628918809E+02  0.1292525368E+23  0.1241950811E+18  0.2441926914E+16
   0.3548997099E+07  0.7628918780E+02  0.1428461447E+23  0.1241950804E+18  0.2441926910E+16
   0.3669290753E+07  0.7628918748E+02  0.1578694049E+23  0.1241950798E+18  0.2441926907E+16
   0.3793661775E+07  0.7628918714E+02  0.1744726752E+23  0.1241950790E+18  0.2441926904E+16
   0.3922248368E+07  0.7628918679E+02  0.1928221266E+23  0.1241950782E+18  0.2441926900E+16
   0.4055193419E+07  0.7628918640E+02  0.2131014067E+23  0.1241950774E+18  0.2441926896E+16
   0.4192644658E+07  0.7628918599E+02  0.2355134773E+23  0.1241950765E+18  0.2441926891E+16
   0.4334754824E+07  0.7628918555E+02  0.2602826459E+23  0.1241950756E+18  0.2441926887E+16
   0.4481681831E+07  0.7628918508E+02  0.2876568107E+23  0.1241950745E+18  0.2441926882E+16
   0.4633588946E+07  0.7628918458E+02  0.3179099416E+23  0.1241950735E+18  0.2441926876E+16
   0.4790644971E+07  0.7628918404E+02  0.3513448220E+23  0.1241950723E+18  0.2441926870E+16
   0.4953024429E+07  0.7628918347E+02  0.3882960795E+23  0.1241950710E+18  0.2441926864E+16
   0.5120907759E+07  0.7628918286E+02  0.4291335347E+23  0.1241950697E+18  0.2441926858E+16
   0.5294481514E+07  0.7628918220E+02  0.4742659025E+23  0.1241950683E+18  0.2441926851E+16
   0.5473938572E+07  0.7628918150E+02  0.5241448829E+23  0.1241950668E+18  0.2441926843E+16
   0.5659478350E+07  0.7628918075E+02  0.5792696814E+23  0.1241950651E+18  0.2441926835E+16
   0.5851307020E+07  0.7628917995E+02  0.6401920056E+23  0.1241950634E+18  0.2441926827E+16
   0.6049637746E+07  0.7628917909E+02  0.7075215866E+23  0.1241950616E+18  0.2441926818E+16
   0.6254690917E+07  0.7628917818E+02  0.7819322814E+23  0.1241950596E+18  0.2441926808E+16
   0.6466694390E+07  0.7628917720E+02  0.8641688173E+23  0.1241950574E+18  0.2441926797E+16
   0.6685883747E+07  0.7628917616E+02  0.9550542452E+23  0.1241950552E+18  0.2441926786E+16
   0.6912502554E+07  0.7628917504E+02  0.1055498177E+24  0.1241950527E+18  0.2441926774E+16
   0.7146802634E+07  0.7628917384E+02  0.1166505889E+24  0.1241950502E+18  0.2441926762E+16
   0.7389044344E+07  0.7628917257E+02  0.1289188385E+24  0.1241950474E+18  0.2441926748E+16
   0.7639496867E+07  0.7628917120E+02  0.1424773511E+24  0.1241950444E+18  0.2441926733E+16
   0.7898438510E+07  0.7628916974E+02  0.1574618249E+24  0.1241950413E+18  0.2441926718E+16
   0.8166157012E+07  0.7628916819E+02  0.1740222296E+24  0.1241950379E+18  0.2441926701E+16
   0.8442949868E+07  0.7628916652E+02  0.1923243072E+24  0.1241950343E+18  0.2441926683E+16
   0.8729124652E+07  0.7628916474E+02  0.2125512312E+24  0.1241950304E+18  0.2441926664E+16
   0.9024999368E+07  0.7628916283E+02  0.2349054393E+24  0.1241950263E+18  0.2441926644E+16
   0.9330902797E+07  0.7628916080E+02  0.2596106600E+24  0.1241950218E+18  0.2441926622E+16
   0.9647174862E+07  0.7628915862E+02  0.2869141514E+24  0.1241950171E+18  0.2441926599E+16
   0.9974167010E+07  0.7628915629E+02  0.3170891762E+24  0.1241950121E+18  0.2441926574E+16
   0.1031224260E+08  0.7628915381E+02  0.3504377359E+24  0.1241950067E+18  0.2441926548E+16
   0.1066177731E+08  0.7628915115E+02  0.3872935943E+24  0.1241950009E+18  0.2441926519E+16
   0.1102315955E+08  0.7628914831E+02  0.4280256172E+24  0.1241949947E+18  0.2441926489E+16
   0.1139679088E+08  0.7628914527E+02  0.4730414644E+24  0.1241949881E+18  0.2441926457E+16
   0.1178308651E+08  0.7628914203E+02  0.5227916694E+24  0.1241949811E+18  0.2441926422E+16
   0.1218247568E+08  0.7628913855E+02  0.5777741493E+24  0.1241949736E+18  0.2441926385E+16
   0.1259540220E+08  0.7628913485E+02  0.6385391870E+24  0.1241949655E+18  0.2441926346E+16
   0.1302232492E+08  0.7628913088E+02  0.7056949395E+24  0.1241949569E+18  0.2441926303E+16
   0.1346371826E+08  0.7628912664E+02  0.7799135242E+24  0.1241949477E+18  0.2441926258E+16
   0.1392007269E+08  0.7628912211E+02  0.8619377456E+24  0.1241949379E+18  0.2441926210E+16
   0.1439189532E+08  0.7628911727E+02  0.9525885296E+24  0.1241949274E+18  0.2441926158E+16
   0.1487971045E+08  0.7628911209E+02  0.1052773140E+25  0.1241949161E+18  0.2441926103E+16
   0.1538406016E+08  0.7628910656E+02  0.1163494257E+25  0.1241949041E+18  0.2441926044E+16
   0.1590550488E+08  0.7628910064E+02  0.1285860017E+25  0.1241948913E+18  0.2441925981E+16
   0.1644462405E+08  0.7628909432E+02  0.1421095095E+25  0.1241948775E+18  0.2441925913E+16
   0.1700201676E+08  0.7628908756E+02  0.1570552971E+25  0.1241948629E+18  0.2441925841E+16
   0.1757830240E+08  0.7628908033E+02  0.1735729469E+25  0.1241948472E+18  0.2441925764E+16
   0.1817412133E+08  0.7628907261E+02  0.1918277731E+25  0.1241948304E+18  0.2441925682E+16
   0.1879013566E+08  0.7628906436E+02  0.2120024761E+25  0.1241948125E+18  0.2441925593E+16
   0.1942702990E+08  0.7628905553E+02  0.2342989711E+25  0.1241947933E+18  0.2441925499E+16
   0.2008551180E+08  0.7628904610E+02  0.2589404090E+25  0.1241947729E+18  0.2441925399E+16
   0.2076631307E+08  0.7628903601E+02  0.2861734095E+25  0.1241947510E+18  0.2441925291E+16
   0.2147019023E+08  0.7628902524E+02  0.3162705297E+25  0.1241947276E+18  0.2441925176E+16
   0.2219792546E+08  0.7628901371E+02  0.3495329917E+25  0.1241947026E+18  0.2441925053E+16
   0.2295032743E+08  0.7628900140E+02  0.3862936974E+25  0.1241946758E+18  0.2441924922E+16
   0.2372823223E+08  0.7628898823E+02  0.4269205602E+25  0.1241946473E+18  0.2441924781E+16
   0.2453250429E+08  0.7628897416E+02  0.4718201874E+25  0.1241946167E+18  0.2441924631E+16
   0.2536403734E+08  0.7628895912E+02  0.5214419497E+25  0.1241945841E+18  0.2441924471E+16
   0.2622375540E+08  0.7628894304E+02  0.5762824783E+25  0.1241945492E+18  0.2441924299E+16
   0.2711261383E+08  0.7628892585E+02  0.6368906356E+25  0.1241945119E+18  0.2441924116E+16
   0.2803160035E+08  0.7628890748E+02  0.7038730084E+25  0.1241944720E+18  0.2441923920E+16
   0.2898173617E+08  0.7628888784E+02  0.7778999789E+25  0.1241944293E+18  0.2441923710E+16
   0.2996407711E+08  0.7628886684E+02  0.8597124339E+25  0.1241943838E+18  0.2441923486E+16
   0.3097971479E+08  0.7628884440E+02  0.9501291798E+25  0.1241943351E+18  0.2441923247E+16
   0.3202977782E+08  0.7628882041E+02  0.1050055138E+26  0.1241942830E+18  0.2441922991E+16
   0.3311543307E+08  0.7628879477E+02  0.1160490401E+26  0.1241942273E+18  0.2441922717E+16
   0.3423788698E+08  0.7628876736E+02  0.1282540242E+26  0.1241941678E+18  0.2441922425E+16
   0.3539838685E+08  0.7628873806E+02  0.1417426176E+26  0.1241941043E+18  0.2441922112E+16
   0.3659822230E+08  0.7628870675E+02  0.1566498189E+26  0.1241940363E+18  0.2441921778E+16
   0.3783872663E+08  0.7628867327E+02  0.1731248241E+26  0.1241939636E+18  0.2441921421E+16
   0.3912127835E+08  0.7628863748E+02  0.1913325208E+26  0.1241938859E+18  0.2441921039E+16
   0.4044730271E+08  0.7628859923E+02  0.2114551377E+26  0.1241938029E+18  0.2441920631E+16
   0.4181827326E+08  0.7628855834E+02  0.2336940687E+26  0.1241937141E+18  0.2441920194E+16
   0.4323571350E+08  0.7628851463E+02  0.2582718884E+26  0.1241936193E+18  0.2441919728E+16
   0.4470119857E+08  0.7628846791E+02  0.2854345800E+26  0.1241935179E+18  0.2441919230E+16
   0.4621635702E+08  0.7628841796E+02  0.3154539969E+26  0.1241934094E+18  0.2441918697E+16
   0.4778287260E+08  0.7628836458E+02  0.3486305833E+26  0.1241932936E+18  0.2441918127E+16
   0.4940248613E+08  0.7628830751E+02  0.3852963819E+26  0.1241931697E+18  0.2441917518E+16
   0.5107699744E+08  0.7628824651E+02  0.4258183561E+26  0.1241930373E+18  0.2441916867E+16
   0.5280826739E+08  0.7628818131E+02  0.4706020635E+26  0.1241928958E+18  0.2441916172E+16
   0.5459821992E+08  0.7628811160E+02  0.5200957146E+26  0.1241927445E+18  0.2441915428E+16
   0.5644884417E+08  0.7628803710E+02  0.5747946584E+26  0.1241925827E+18  0.2441914633E+16
   0.5836219674E+08  0.7628795746E+02  0.6352463403E+26  0.1241924099E+18  0.2441913783E+16
   0.6034040394E+08  0.7628787232E+02  0.7020557811E+26  0.1241922251E+18  0.2441912875E+16
   0.6238566416E+08  0.7628778132E+02  0.7758916321E+26  0.1241920276E+18  0.2441911904E+16
   0.6450025032E+08  0.7628768404E+02  0.8574928674E+26  0.1241918164E+18  0.2441910866E+16
   0.6668651241E+08  0.7628758006E+02  0.9476761795E+26  0.1241915907E+18  0.2441909756E+16
   0.6894688007E+08  0.7628746891E+02  0.1047344153E+27  0.1241913494E+18  0.2441908571E+16
   0.7128386534E+08  0.7628735010E+02  0.1157494300E+27  0.1241910916E+18  0.2441907303E+16
   0.7370006540E+08  0.7628722310E+02  0.1279229038E+27  0.1241908159E+18  0.2441905948E+16
   0.7619816550E+08  0.7628708734E+02  0.1413766730E+27  0.1241905212E+18  0.2441904499E+16
   0.7878094193E+08  0.7628694222E+02  0.1562453875E+27  0.1241902062E+18  0.2441902951E+16
   0.8145126512E+08  0.7628678710E+02  0.1726778583E+27  0.1241898695E+18  0.2441901296E+16
   0.8421210282E+08  0.7628662128E+02  0.1908385472E+27  0.1241895096E+18  0.2441899527E+16
   0.8706652340E+08  0.7628644404E+02  0.2109092125E+27  0.1241891249E+18  0.2441897635E+16
   0.9001769929E+08  0.7628625457E+02  0.2330907280E+27  0.1241887136E+18  0.2441895614E+16
   0.9306891048E+08  0.7628605205E+02  0.2576050938E+27  0.1241882740E+18  0.2441893453E+16
   0.9622354819E+08  0.7628583556E+02  0.2846976580E+27  0.1241878041E+18  0.2441891143E+16
   0.9948511864E+08  0.7628560415E+02  0.3146395721E+27  0.1241873018E+18  0.2441888674E+16
   0.1028572469E+09  0.7628535678E+02  0.3477305048E+27  0.1241867649E+18  0.2441886034E+16
   0.1063436812E+09  0.7628509236E+02  0.3843016412E+27  0.1241861910E+18  0.2441883213E+16
   0.1099482965E+09  0.7628480972E+02  0.4247189976E+27  0.1241855775E+18  0.2441880197E+16
   0.1136750995E+09  0.7628450758E+02  0.4693870845E+27  0.1241849217E+18  0.2441876973E+16
   0.1175282327E+09  0.7628418462E+02  0.5187529551E+27  0.1241842207E+18  0.2441873527E+16
   0.1215119791E+09  0.7628383940E+02  0.5733106797E+27  0.1241834713E+18  0.2441869844E+16
   0.1256307670E+09  0.7628347038E+02  0.6336062902E+27  0.1241826704E+18  0.2441865906E+16
   0.1298891749E+09  0.7628307592E+02  0.7002432454E+27  0.1241818142E+18  0.2441861697E+16
   0.1342919366E+09  0.7628265426E+02  0.7738884704E+27  0.1241808989E+18  0.2441857198E+16
   0.1388439466E+09  0.7628220354E+02  0.8552790313E+27  0.1241799206E+18  0.2441852389E+16
   0.1435502652E+09  0.7628172175E+02  0.9452295123E+27  0.1241788749E+18  0.2441847248E+16
   0.1484161248E+09  0.7628120675E+02  0.1044640168E+28  0.1241777571E+18  0.2441841753E+16
   0.1534469350E+09  0.7628065624E+02  0.1154505933E+28  0.1241765622E+18  0.2441835879E+16
   0.1586482892E+09  0.7628006778E+02  0.1275926382E+28  0.1241752849E+18  0.2441829600E+16
   0.1640259704E+09  0.7627943876E+02  0.1410116731E+28  0.1241739196E+18  0.2441822888E+16
   0.1695859582E+09  0.7627876638E+02  0.1558420003E+28  0.1241724602E+18  0.2441815713E+16
   0.1753344349E+09  0.7627804764E+02  0.1722320465E+28  0.1241709002E+18  0.2441808044E+16
   0.1812777927E+09  0.7627727937E+02  0.1903458490E+28  0.1241692327E+18  0.2441799846E+16
   0.1874226410E+09  0.7627645813E+02  0.2103646966E+28  0.1241674502E+18  0.2441791082E+16
   0.1937758135E+09  0.7627558028E+02  0.2324889449E+28  0.1241655448E+18  0.2441781715E+16
   0.2003443760E+09  0.7627464191E+02  0.2569400207E+28  0.1241635081E+18  0.2441771702E+16
   0.2071356342E+09  0.7627363886E+02  0.2839626386E+28  0.1241613310E+18  0.2441760998E+16
   0.2141571421E+09  0.7627256667E+02  0.3138272500E+28  0.1241590039E+18  0.2441749557E+16
   0.2214167102E+09  0.7627142058E+02  0.3468327500E+28  0.1241565164E+18  0.2441737327E+16
   0.2289224144E+09  0.7627019548E+02  0.3833094687E+28  0.1241538574E+18  0.2441724253E+16
   0.2366826054E+09  0.7626888593E+02  0.4236224774E+28  0.1241510151E+18  0.2441710278E+16
   0.2447059171E+09  0.7626748612E+02  0.4681752423E+28  0.1241479770E+18  0.2441695340E+16
   0.2530012776E+09  0.7626598981E+02  0.5174136623E+28  0.1241447294E+18  0.2441679372E+16
   0.2615779181E+09  0.7626439037E+02  0.5718305322E+28  0.1241412580E+18  0.2441662303E+16
   0.2704453841E+09  0.7626268068E+02  0.6319704743E+28  0.1241375474E+18  0.2441644057E+16
   0.2796135456E+09  0.7626085315E+02  0.6984353893E+28  0.1241335810E+18  0.2441624554E+16
   0.2890926086E+09  0.7625889965E+02  0.7718904804E+28  0.1241293413E+18  0.2441603705E+16
   0.2988931265E+09  0.7625681150E+02  0.8530709108E+28  0.1241248094E+18  0.2441581419E+16
   0.3090260120E+09  0.7625457943E+02  0.9427891617E+28  0.1241199651E+18  0.2441557597E+16
   0.3195025494E+09  0.7625219352E+02  0.1041943163E+29  0.1241147871E+18  0.2441532132E+16
   0.3303344074E+09  0.7624964316E+02  0.1151525282E+29  0.1241092522E+18  0.2441504912E+16
   0.3415336527E+09  0.7624691702E+02  0.1272632254E+29  0.1241033359E+18  0.2441475815E+16
   0.3531127632E+09  0.7624400300E+02  0.1406476156E+29  0.1240970119E+18  0.2441444711E+16
   0.3650846422E+09  0.7624088815E+02  0.1554396545E+29  0.1240902522E+18  0.2441411463E+16
   0.3774626337E+09  0.7623755862E+02  0.1717873856E+29  0.1240830267E+18  0.2441375923E+16
   0.3902605369E+09  0.7623399964E+02  0.1898544227E+29  0.1240753034E+18  0.2441337933E+16
   0.4034926226E+09  0.7623019539E+02  0.2098215866E+29  0.1240670479E+18  0.2441297322E+16
   0.4171736490E+09  0.7622612897E+02  0.2318887155E+29  0.1240582237E+18  0.2441253912E+16
   0.4313188792E+09  0.7622178234E+02  0.2562766646E+29  0.1240487916E+18  0.2441207509E+16
   0.4459440983E+09  0.7621713617E+02  0.2832295167E+29  0.1240387097E+18  0.2441157906E+16
   0.4610656318E+09  0.7621216985E+02  0.3130170250E+29  0.1240279333E+18  0.2441104883E+16
   0.4767003647E+09  0.7620686133E+02  0.3459373129E+29  0.1240164146E+18  0.2441048203E+16
   0.4928657605E+09  0.7620118702E+02  0.3823198577E+29  0.1240041025E+18  0.2440987616E+16
   0.5095798823E+09  0.7619512176E+02  0.4225287882E+29  0.1239909425E+18  0.2440922850E+16
   0.5268614130E+09  0.7618863861E+02  0.4669665287E+29  0.1239768762E+18  0.2440853619E+16
   0.5447296780E+09  0.7618170880E+02  0.5160778273E+29  0.1239618411E+18  0.2440779613E+16
   0.5632046674E+09  0.7617430158E+02  0.5703542062E+29  0.1239457708E+18  0.2440700504E+16
   0.5823070596E+09  0.7616638409E+02  0.6303388817E+29  0.1239285940E+18  0.2440615940E+16
   0.6020582458E+09  0.7615792119E+02  0.6966322005E+29  0.1239102347E+18  0.2440525543E+16
   0.6224803557E+09  0.7614887536E+02  0.7698976486E+29  0.1238906114E+18  0.2440428913E+16
   0.6435962836E+09  0.7613920647E+02  0.8508684912E+29  0.1238696374E+18  0.2440325619E+16
   0.6654297158E+09  0.7612887164E+02  0.9403551115E+29  0.1238472199E+18  0.2440215201E+16
   0.6880051597E+09  0.7611782507E+02  0.1039253122E+30  0.1238232595E+18  0.2440097167E+16
   0.7113479727E+09  0.7610601778E+02  0.1148552327E+30  0.1237976505E+18  0.2439970992E+16
   0.7354843938E+09  0.7609339745E+02  0.1269346630E+30  0.1237702795E+18  0.2439836115E+16
   0.7604415754E+09  0.7607990816E+02  0.1402844980E+30  0.1237410255E+18  0.2439691934E+16
   0.7862476171E+09  0.7606549017E+02  0.1550383474E+30  0.1237097594E+18  0.2439537808E+16
   0.8129316004E+09  0.7605007962E+02  0.1713438728E+30  0.1236763431E+18  0.2439373050E+16
   0.8405236250E+09  0.7603360829E+02  0.1893642652E+30  0.1236406291E+18  0.2439196927E+16
   0.8690548472E+09  0.7601600328E+02  0.2092798788E+30  0.1236024598E+18  0.2439008653E+16
   0.8985575192E+09  0.7599718670E+02  0.2312900358E+30  0.1235616670E+18  0.2438807390E+16
   0.9290650305E+09  0.7597707532E+02  0.2556150212E+30  0.1235180709E+18  0.2438592241E+16
   0.9606119513E+09  0.7595558022E+02  0.2824982877E+30  0.1234714795E+18  0.2438362248E+16
   0.9932340777E+09  0.7593260640E+02  0.3122088919E+30  0.1234216878E+18  0.2438116384E+16
   0.1026968479E+10  0.7590805237E+02  0.3450441877E+30  0.1233684769E+18  0.2437853554E+16
   0.1061853546E+10  0.7588180970E+02  0.3813328017E+30  0.1233116128E+18  0.2437572587E+16
   0.1097929046E+10  0.7585376256E+02  0.4214379226E+30  0.1232508459E+18  0.2437272228E+16
   0.1135236173E+10  0.7582378721E+02  0.4657609358E+30  0.1231859097E+18  0.2436951137E+16
   0.1173817609E+10  0.7579175150E+02  0.5147454410E+30  0.1231165195E+18  0.2436607883E+16
   0.1213717580E+10  0.7575751424E+02  0.5688816916E+30  0.1230423715E+18  0.2436240933E+16
   0.1254981922E+10  0.7572092467E+02  0.6287115014E+30  0.1229631414E+18  0.2435848649E+16
   0.1297658146E+10  0.7568182176E+02  0.6948336672E+30  0.1228784831E+18  0.2435429280E+16
   0.1341795507E+10  0.7564003352E+02  0.7679099619E+30  0.1227880272E+18  0.2434980951E+16
   0.1387445079E+10  0.7559537634E+02  0.8486717576E+30  0.1226913794E+18  0.2434501660E+16
   0.1434659831E+10  0.7554765411E+02  0.9379273455E+30  0.1225881193E+18  0.2433989264E+16
   0.1483494713E+10  0.7549665748E+02  0.1036570025E+31  0.1224777982E+18  0.2433441472E+16
   0.1534006735E+10  0.7544216292E+02  0.1145587047E+31  0.1223599374E+18  0.2432855833E+16
   0.1586255067E+10  0.7538393182E+02  0.1266069488E+31  0.1222340266E+18  0.2432229727E+16
   0.1640301131E+10  0.7532170948E+02  0.1399223179E+31  0.1220995216E+18  0.2431560351E+16
   0.1668018149E+10  0.7527282610E+02  0.1470962885E+31  0.1219938771E+18  0.2431034214E+16
   0.1696208706E+10  0.7523848763E+02  0.1546380765E+31  0.1219196801E+18  0.2430664489E+16
   0.1724881163E+10  0.7520299293E+02  0.1625665402E+31  0.1218429966E+18  0.2430282197E+16
   0.1754044038E+10  0.7516630335E+02  0.1709015050E+31  0.1217637443E+18  0.2429886909E+16
   0.1783706016E+10  0.7512837894E+02  0.1796638125E+31  0.1216818383E+18  0.2429478182E+16
   0.1813875953E+10  0.7508917846E+02  0.1888753731E+31  0.1215971908E+18  0.2429055557E+16
   0.1844562876E+10  0.7504865930E+02  0.1985592206E+31  0.1215097113E+18  0.2428618561E+16
   0.1875775989E+10  0.7500677745E+02  0.2087395695E+31  0.1214193064E+18  0.2428166703E+16
   0.1907524679E+10  0.7496348747E+02  0.2194418761E+31  0.1213258795E+18  0.2427699477E+16
   0.1939818519E+10  0.7491874241E+02  0.2306929017E+31  0.1212293313E+18  0.2427216356E+16
   0.1972667273E+10  0.7487249381E+02  0.2425207797E+31  0.1211295590E+18  0.2426716800E+16
   0.2006080900E+10  0.7482469159E+02  0.2549550860E+31  0.1210264567E+18  0.2426200245E+16
   0.2040069561E+10  0.7477528407E+02  0.2680269127E+31  0.1209199151E+18  0.2425666113E+16
   0.2074643622E+10  0.7472421786E+02  0.2817689464E+31  0.1208098213E+18  0.2425113801E+16
   0.2109813659E+10  0.7467143785E+02  0.2962155492E+31  0.1206960592E+18  0.2424542689E+16
   0.2145590468E+10  0.7461688712E+02  0.3114028452E+31  0.1205785085E+18  0.2423952134E+16
   0.2181985063E+10  0.7456050692E+02  0.3273688105E+31  0.1204570457E+18  0.2423341471E+16
   0.2219008690E+10  0.7450223657E+02  0.3441533683E+31  0.1203315429E+18  0.2422710012E+16
   0.2256672827E+10  0.7444201345E+02  0.3617984888E+31  0.1202018687E+18  0.2422057045E+16
   0.2294989197E+10  0.7437977292E+02  0.3803482940E+31  0.1200678873E+18  0.2421381834E+16
   0.2333969765E+10  0.7431544823E+02  0.3998491681E+31  0.1199294587E+18  0.2420683617E+16
   0.2373626754E+10  0.7424897050E+02  0.4203498733E+31  0.1197864387E+18  0.2419961607E+16
   0.2413972649E+10  0.7418026863E+02  0.4419016722E+31  0.1196386784E+18  0.2419214988E+16
   0.2455020202E+10  0.7410926925E+02  0.4645584554E+31  0.1194860248E+18  0.2418442915E+16
   0.2496782443E+10  0.7403589661E+02  0.4883768767E+31  0.1193283197E+18  0.2417644517E+16
   0.2539272687E+10  0.7396007258E+02  0.5134164946E+31  0.1191654003E+18  0.2416818890E+16
   0.2582504542E+10  0.7388171653E+02  0.5397399212E+31  0.1189970991E+18  0.2415965099E+16
   0.2626491920E+10  0.7380074524E+02  0.5674129787E+31  0.1188232430E+18  0.2415082177E+16
   0.2671249039E+10  0.7371707288E+02  0.5965048643E+31  0.1186436542E+18  0.2414169124E+16
   0.2716790444E+10  0.7363061089E+02  0.6270883226E+31  0.1184581492E+18  0.2413224903E+16
   0.2763131007E+10  0.7354126792E+02  0.6592398285E+31  0.1182665394E+18  0.2412248444E+16
   0.2810285940E+10  0.7344894974E+02  0.6930397772E+31  0.1180686302E+18  0.2411238636E+16
   0.2858270810E+10  0.7335355916E+02  0.7285726865E+31  0.1178642217E+18  0.2410194332E+16
   0.2907101544E+10  0.7325499596E+02  0.7659274069E+31  0.1176531077E+18  0.2409114344E+16
   0.2956794444E+10  0.7315315679E+02  0.8051973448E+31  0.1174350763E+18  0.2407997442E+16
   0.3007366200E+10  0.7304793507E+02  0.8464806954E+31  0.1172099093E+18  0.2406842353E+16
   0.3058833902E+10  0.7293922093E+02  0.8898806888E+31  0.1169773823E+18  0.2405647759E+16
   0.3111215051E+10  0.7282690110E+02  0.9355058473E+31  0.1167372644E+18  0.2404412298E+16
   0.3164527576E+10  0.7271085883E+02  0.9834702578E+31  0.1164893183E+18  0.2403134557E+16
   0.3218789849E+10  0.7259097377E+02  0.1033893856E+32  0.1162332999E+18  0.2401813074E+16
   0.3274020699E+10  0.7246712193E+02  0.1086902728E+32  0.1159689583E+18  0.2400446337E+16
   0.3330239427E+10  0.7233917550E+02  0.1142629422E+32  0.1156960355E+18  0.2399032779E+16
   0.3387465824E+10  0.7220700283E+02  0.1201213285E+32  0.1154142666E+18  0.2397570778E+16
   0.3445720192E+10  0.7207046830E+02  0.1262800808E+32  0.1151233795E+18  0.2396058654E+16
   0.3505023357E+10  0.7192943220E+02  0.1327545989E+32  0.1148230946E+18  0.2394494669E+16
   0.3565396691E+10  0.7178375066E+02  0.1395610728E+32  0.1145131250E+18  0.2392877021E+16
   0.3626862135E+10  0.7163327552E+02  0.1467165220E+32  0.1141931760E+18  0.2391203846E+16
   0.3689442216E+10  0.7147785426E+02  0.1542388389E+32  0.1138629453E+18  0.2389473212E+16
   0.3753160072E+10  0.7131732987E+02  0.1621468333E+32  0.1135221230E+18  0.2387683118E+16
   0.3818039478E+10  0.7115154073E+02  0.1704602792E+32  0.1131703911E+18  0.2385831492E+16
   0.3884104868E+10  0.7098032056E+02  0.1791999646E+32  0.1128074234E+18  0.2383916187E+16
   0.3951381361E+10  0.7080349826E+02  0.1883877433E+32  0.1124328862E+18  0.2381934981E+16
   0.4019894794E+10  0.7062089782E+02  0.1980465894E+32  0.1120464370E+18  0.2379885568E+16
   0.4089671743E+10  0.7043233825E+02  0.2082006552E+32  0.1116477256E+18  0.2377765562E+16
   0.4160739565E+10  0.7023763342E+02  0.2188753311E+32  0.1112363931E+18  0.2375572489E+16
   0.4233126419E+10  0.7003659201E+02  0.2300973093E+32  0.1108120727E+18  0.2373303787E+16
   0.4306861310E+10  0.6982901735E+02  0.2418946506E+32  0.1103743889E+18  0.2370956798E+16
   0.4381974122E+10  0.6961470740E+02  0.2542968545E+32  0.1099229582E+18  0.2368528771E+16
   0.4458495655E+10  0.6939345457E+02  0.2673349331E+32  0.1094573885E+18  0.2366016850E+16
   0.4536457671E+10  0.6916504569E+02  0.2810414882E+32  0.1089772796E+18  0.2363418078E+16
   0.4615892932E+10  0.6892926186E+02  0.2954507934E+32  0.1084822228E+18  0.2360729388E+16
   0.4696835250E+10  0.6868587843E+02  0.3105988795E+32  0.1079718014E+18  0.2357947599E+16
   0.4779319532E+10  0.6843466486E+02  0.3265236246E+32  0.1074455907E+18  0.2355069413E+16
   0.4863381837E+10  0.6817538467E+02  0.3432648488E+32  0.1069031578E+18  0.2352091412E+16
   0.4949059428E+10  0.6790779534E+02  0.3608644140E+32  0.1063440623E+18  0.2349010046E+16
   0.5036390828E+10  0.6763164829E+02  0.3793663281E+32  0.1057678560E+18  0.2345821637E+16
   0.5125415890E+10  0.6734668878E+02  0.3988168557E+32  0.1051740832E+18  0.2342522367E+16
   0.5216175853E+10  0.6705265587E+02  0.4192646331E+32  0.1045622814E+18  0.2339108275E+16
   0.5308713422E+10  0.6674928238E+02  0.4407607905E+32  0.1039319812E+18  0.2335575249E+16
   0.5403072837E+10  0.6643629488E+02  0.4633590795E+32  0.1032827065E+18  0.2331919022E+16
   0.5499299956E+10  0.6611341362E+02  0.4871160075E+32  0.1026139755E+18  0.2328135167E+16
   0.5597442339E+10  0.6578035257E+02  0.5120909793E+32  0.1019253005E+18  0.2324219084E+16
   0.5697549342E+10  0.6543681940E+02  0.5383464452E+32  0.1012161889E+18  0.2320165997E+16
   0.5799672214E+10  0.6508251551E+02  0.5659480577E+32  0.1004861435E+18  0.2315970949E+16
   0.5903864198E+10  0.6471713607E+02  0.5949648351E+32  0.9973466310E+17  0.2311628786E+16
   0.6010180650E+10  0.6434037008E+02  0.6254693345E+32  0.9896124360E+17  0.2307134156E+16
   0.6118679154E+10  0.6395190044E+02  0.6575378331E+32  0.9816537829E+17  0.2302481497E+16
   0.6229419654E+10  0.6355140405E+02  0.6912505187E+32  0.9734655899E+17  0.2297665027E+16
   0.6342464592E+10  0.6313855195E+02  0.7266916906E+32  0.9650427697E+17  0.2292678736E+16
   0.6457879058E+10  0.6271300946E+02  0.7639499703E+32  0.9563802395E+17  0.2287516373E+16
   0.6516495967E+10  0.6238731116E+02  0.7832894559E+32  0.9497633989E+17  0.2283549446E+16
   0.6575730948E+10  0.6216474078E+02  0.8031185229E+32  0.9452483054E+17  0.2280830645E+16
   0.6635592956E+10  0.6193880518E+02  0.8234495651E+32  0.9406704527E+17  0.2278064091E+16
   0.6696091143E+10  0.6170946055E+02  0.8442952901E+32  0.9360292164E+17  0.2275248904E+16
   0.6757234866E+10  0.6147666276E+02  0.8656687271E+32  0.9313239754E+17  0.2272384187E+16
   0.6819033690E+10  0.6124036738E+02  0.8875832353E+32  0.9265541124E+17  0.2269469025E+16
   0.6881497402E+10  0.6100052973E+02  0.9100525118E+32  0.9217190142E+17  0.2266502484E+16
   0.6944636008E+10  0.6075710481E+02  0.9330906009E+32  0.9168180729E+17  0.2263483610E+16
   0.7008459749E+10  0.6051004740E+02  0.9567119019E+32  0.9118506856E+17  0.2260411431E+16
   0.7072979104E+10  0.6025931201E+02  0.9809311790E+32  0.9068162556E+17  0.2257284954E+16
   0.7138204798E+10  0.6000485291E+02  0.1005763570E+33  0.9017141927E+17  0.2254103166E+16
   0.7204147812E+10  0.5974662415E+02  0.1031224596E+33  0.8965439140E+17  0.2250865032E+16
   0.7270819390E+10  0.5948457960E+02  0.1057330171E+33  0.8913048443E+17  0.2247569497E+16
   0.7338231048E+10  0.5921867291E+02  0.1084096612E+33  0.8859964171E+17  0.2244215482E+16
   0.7406394584E+10  0.5894885757E+02  0.1111540648E+33  0.8806180749E+17  0.2240801886E+16
   0.7475322088E+10  0.5867508689E+02  0.1139679434E+33  0.8751692704E+17  0.2237327587E+16
   0.7545025951E+10  0.5839731408E+02  0.1168530556E+33  0.8696494667E+17  0.2233791435E+16
   0.7615518874E+10  0.5811549220E+02  0.1198112048E+33  0.8640581386E+17  0.2230192258E+16
   0.7686813883E+10  0.5782957423E+02  0.1228442398E+33  0.8583947732E+17  0.2226528860E+16
   0.7758924338E+10  0.5753951307E+02  0.1259540566E+33  0.8526588705E+17  0.2222800016E+16
   0.7831863944E+10  0.5724526157E+02  0.1291425987E+33  0.8468499449E+17  0.2219004477E+16
   0.7905646766E+10  0.5694677255E+02  0.1324118592E+33  0.8409675253E+17  0.2215140967E+16
   0.7980287240E+10  0.5664399882E+02  0.1357638813E+33  0.8350111568E+17  0.2211208179E+16
   0.8055800188E+10  0.5633689324E+02  0.1392007604E+33  0.8289804010E+17  0.2207204782E+16
   0.8132200832E+10  0.5602540869E+02  0.1427246444E+33  0.8228748378E+17  0.2203129411E+16
   0.8209504808E+10  0.5570949817E+02  0.1463377360E+33  0.8166940656E+17  0.2198980674E+16
   0.8287728183E+10  0.5538911475E+02  0.1500422934E+33  0.8104377030E+17  0.2194757147E+16
   0.8366887472E+10  0.5506421169E+02  0.1538406321E+33  0.8041053896E+17  0.2190457372E+16
   0.8446999652E+10  0.5473474241E+02  0.1577351263E+33  0.7976967872E+17  0.2186079861E+16
   0.8528082184E+10  0.5440066056E+02  0.1617282100E+33  0.7912115813E+17  0.2181623090E+16
   0.8610153030E+10  0.5406192002E+02  0.1658223791E+33  0.7846494820E+17  0.2177085502E+16
   0.8693230673E+10  0.5371847501E+02  0.1700201926E+33  0.7780102254E+17  0.2172465503E+16
   0.8777334138E+10  0.5337028004E+02  0.1743242743E+33  0.7712935749E+17  0.2167761461E+16
   0.8862483015E+10  0.5301729004E+02  0.1787373143E+33  0.7644993226E+17  0.2162971708E+16
   0.8948697480E+10  0.5265946034E+02  0.1832620710E+33  0.7576272909E+17  0.2158094536E+16
   0.9035998321E+10  0.5229674676E+02  0.1879013724E+33  0.7506773336E+17  0.2153128196E+16
   0.9124406963E+10  0.5192910565E+02  0.1926581183E+33  0.7436493377E+17  0.2148070899E+16
   0.9213945496E+10  0.5155649393E+02  0.1975352818E+33  0.7365432250E+17  0.2142920810E+16
   0.9304636699E+10  0.5117886914E+02  0.2025359112E+33  0.7293589534E+17  0.2137676054E+16
   0.9396504078E+10  0.5079618953E+02  0.2076631322E+33  0.7220965190E+17  0.2132334706E+16
   0.9489571889E+10  0.5040841409E+02  0.2129201494E+33  0.7147559573E+17  0.2126894796E+16
   0.9583865177E+10  0.5001550263E+02  0.2183102487E+33  0.7073373455E+17  0.2121354305E+16
   0.9679409808E+10  0.4961741583E+02  0.2238367989E+33  0.6998408040E+17  0.2115711164E+16
   0.9776232508E+10  0.4921411532E+02  0.2295032545E+33  0.6922664984E+17  0.2109963251E+16
   0.9874360899E+10  0.4880556375E+02  0.2353131570E+33  0.6846146415E+17  0.2104108391E+16
   0.9973823546E+10  0.4839172485E+02  0.2412701380E+33  0.6768854949E+17  0.2098144353E+16
   0.1007465000E+11  0.4797256354E+02  0.2473779206E+33  0.6690793718E+17  0.2092068848E+16
   0.1017687083E+11  0.4754804599E+02  0.2536403225E+33  0.6611966384E+17  0.2085879529E+16
   0.1028051769E+11  0.4711813969E+02  0.2600612578E+33  0.6532377165E+17  0.2079573984E+16
   0.1038562338E+11  0.4668281357E+02  0.2666447399E+33  0.6452030854E+17  0.2073149740E+16
   0.1049222187E+11  0.4624203808E+02  0.2733948836E+33  0.6370932848E+17  0.2066604256E+16
   0.1060034838E+11  0.4579578528E+02  0.2803159080E+33  0.6289089165E+17  0.2059934924E+16
   0.1071003943E+11  0.4534402895E+02  0.2874121390E+33  0.6206506471E+17  0.2053139062E+16
   0.1082133294E+11  0.4488674467E+02  0.2946880120E+33  0.6123192106E+17  0.2046213916E+16
   0.1093426824E+11  0.4442391000E+02  0.3021480745E+33  0.6039154109E+17  0.2039156653E+16
   0.1104888621E+11  0.4395550449E+02  0.3097969894E+33  0.5954401243E+17  0.2031964362E+16
   0.1116522932E+11  0.4348150988E+02  0.3176395376E+33  0.5868943023E+17  0.2024634048E+16
   0.1128334173E+11  0.4300191022E+02  0.3256806207E+33  0.5782789746E+17  0.2017162627E+16
   0.1140326936E+11  0.4251669195E+02  0.3339252649E+33  0.5695952514E+17  0.2009546929E+16
   0.1152506004E+11  0.4202584407E+02  0.3423786232E+33  0.5608443268E+17  0.2001783685E+16
   0.1164876354E+11  0.4152935828E+02  0.3510459793E+33  0.5520274813E+17  0.1993869533E+16
   0.1177443177E+11  0.4102722913E+02  0.3599327506E+33  0.5431460856E+17  0.1985801005E+16
   0.1190211881E+11  0.4051945417E+02  0.3690444916E+33  0.5342016027E+17  0.1977574527E+16
   0.1203188111E+11  0.4000603409E+02  0.3783868974E+33  0.5251955920E+17  0.1969186414E+16
   0.1216377757E+11  0.3948697293E+02  0.3879658073E+33  0.5161297119E+17  0.1960632863E+16
   0.1229786976E+11  0.3896227820E+02  0.3977872085E+33  0.5070057236E+17  0.1951909951E+16
   0.1243422200E+11  0.3843196112E+02  0.4078572396E+33  0.4978254939E+17  0.1943013625E+16
   0.1257290160E+11  0.3789603677E+02  0.4181821948E+33  0.4885909994E+17  0.1933939698E+16
   0.1271397899E+11  0.3735452430E+02  0.4287685274E+33  0.4793043292E+17  0.1924683843E+16
   0.1285752797E+11  0.3680744714E+02  0.4396228544E+33  0.4699676894E+17  0.1915241585E+16
   0.1300362589E+11  0.3625483321E+02  0.4507519599E+33  0.4605834057E+17  0.1905608294E+16
   0.1315235392E+11  0.3569671515E+02  0.4621628001E+33  0.4511539281E+17  0.1895779176E+16
   0.1330379726E+11  0.3513313054E+02  0.4738625071E+33  0.4416818338E+17  0.1885749264E+16
   0.1345804546E+11  0.3456412219E+02  0.4858583936E+33  0.4321698318E+17  0.1875513413E+16
   0.1361519268E+11  0.3398973832E+02  0.4981579574E+33  0.4226207660E+17  0.1865066283E+16
   0.1377533807E+11  0.3341003291E+02  0.5107688861E+33  0.4130376199E+17  0.1854402333E+16
   0.1393858607E+11  0.3282506593E+02  0.5236990620E+33  0.4034235198E+17  0.1843515809E+16
   0.1410504684E+11  0.3223490364E+02  0.5369565669E+33  0.3937817396E+17  0.1832400729E+16
   0.1427483665E+11  0.3163961890E+02  0.5505496871E+33  0.3841157041E+17  0.1821050873E+16
   0.1444807839E+11  0.3103929150E+02  0.5644869188E+33  0.3744289937E+17  0.1809459764E+16
   0.1462490205E+11  0.3043400846E+02  0.5787769731E+33  0.3647253480E+17  0.1797620655E+16
   0.1480544529E+11  0.2982386443E+02  0.5934287820E+33  0.3550086705E+17  0.1785526510E+16
   0.1498985404E+11  0.2920896202E+02  0.6084515031E+33  0.3452830321E+17  0.1773169987E+16
   0.1517828325E+11  0.2858941219E+02  0.6238545262E+33  0.3355526758E+17  0.1760543415E+16
   0.1527405657E+11  0.2812375535E+02  0.6317016502E+33  0.3282853380E+17  0.1750932622E+16
   0.1537089755E+11  0.2781062377E+02  0.6396474788E+33  0.3234208727E+17  0.1744410025E+16
   0.1546882843E+11  0.2749640096E+02  0.6476932536E+33  0.3185577738E+17  0.1737815292E+16
   0.1556787217E+11  0.2718110424E+02  0.6558402318E+33  0.3136966394E+17  0.1731147326E+16
   0.1566805246E+11  0.2686475154E+02  0.6640896864E+33  0.3088380791E+17  0.1724404999E+16
   0.1576939380E+11  0.2654736144E+02  0.6724429063E+33  0.3039827143E+17  0.1717587160E+16
   0.1587192149E+11  0.2622895318E+02  0.6809011968E+33  0.2991311784E+17  0.1710692625E+16
   0.1597566169E+11  0.2590954664E+02  0.6894658795E+33  0.2942841170E+17  0.1703720184E+16
   0.1608064145E+11  0.2558916240E+02  0.6981382927E+33  0.2894421878E+17  0.1696668593E+16
   0.1618688876E+11  0.2526782177E+02  0.7069197914E+33  0.2846060610E+17  0.1689536579E+16
   0.1629443258E+11  0.2494554673E+02  0.7158117477E+33  0.2797764190E+17  0.1682322833E+16
   0.1640330289E+11  0.2462236003E+02  0.7248155511E+33  0.2749539572E+17  0.1675026014E+16
   0.1651353077E+11  0.2429828516E+02  0.7339326084E+33  0.2701393834E+17  0.1667644743E+16
   0.1662514840E+11  0.2397334639E+02  0.7431643441E+33  0.2653334184E+17  0.1660177603E+16
   0.1673818915E+11  0.2364756878E+02  0.7525122008E+33  0.2605367959E+17  0.1652623141E+16
   0.1685268763E+11  0.2332097819E+02  0.7619776391E+33  0.2557502627E+17  0.1644979859E+16
   0.1696867975E+11  0.2299360132E+02  0.7715621379E+33  0.2509745788E+17  0.1637246219E+16
   0.1708620280E+11  0.2266546572E+02  0.7812671948E+33  0.2462105175E+17  0.1629420638E+16
   0.1720529550E+11  0.2233659981E+02  0.7910943264E+33  0.2414588655E+17  0.1621501488E+16
   0.1732599810E+11  0.2200703291E+02  0.8010450680E+33  0.2367204232E+17  0.1613487090E+16
   0.1744835242E+11  0.2167679525E+02  0.8111209746E+33  0.2319960045E+17  0.1605375715E+16
   0.1757240200E+11  0.2134591800E+02  0.8213236205E+33  0.2272864370E+17  0.1597165582E+16
   0.1769819212E+11  0.2101443330E+02  0.8316545998E+33  0.2225925622E+17  0.1588854853E+16
   0.1782576996E+11  0.2068237428E+02  0.8421155269E+33  0.2179152358E+17  0.1580441633E+16
   0.1795518466E+11  0.2034977506E+02  0.8527080362E+33  0.2132553272E+17  0.1571923964E+16
   0.1808648747E+11  0.2001667083E+02  0.8634337830E+33  0.2086137202E+17  0.1563299826E+16
   0.1821973184E+11  0.1968309782E+02  0.8742944430E+33  0.2039913126E+17  0.1554567130E+16
   0.1835497358E+11  0.1934909338E+02  0.8852917132E+33  0.1993890169E+17  0.1545723717E+16
   0.1849227096E+11  0.1901469596E+02  0.8964273122E+33  0.1948077598E+17  0.1536767353E+16
   0.1863168492E+11  0.1867994518E+02  0.9077029797E+33  0.1902484825E+17  0.1527695724E+16
   0.1877327916E+11  0.1834488184E+02  0.9191204776E+33  0.1857121408E+17  0.1518506435E+16
   0.1891712037E+11  0.1800954794E+02  0.9306815900E+33  0.1811997054E+17  0.1509197004E+16
   0.1906327841E+11  0.1767398676E+02  0.9423881233E+33  0.1767121613E+17  0.1499764855E+16
   0.1921182649E+11  0.1733824284E+02  0.9542419066E+33  0.1722505087E+17  0.1490207315E+16
   0.1936284143E+11  0.1700236204E+02  0.9662447922E+33  0.1678157626E+17  0.1480521608E+16
   0.1951640386E+11  0.1666639159E+02  0.9783986555E+33  0.1634089529E+17  0.1470704849E+16
   0.1967259850E+11  0.1633038011E+02  0.9907053956E+33  0.1590311245E+17  0.1460754036E+16
   0.1983151446E+11  0.1599437766E+02  0.1003166935E+34  0.1546833372E+17  0.1450666045E+16
   0.1999324551E+11  0.1565843576E+02  0.1015785222E+34  0.1503666663E+17  0.1440437620E+16
   0.2015789046E+11  0.1532260748E+02  0.1028562227E+34  0.1460822020E+17  0.1430065367E+16
   0.2032555348E+11  0.1498694743E+02  0.1041499947E+34  0.1418310496E+17  0.1419545743E+16
   0.2049634456E+11  0.1465151186E+02  0.1054600404E+34  0.1376143298E+17  0.1408875048E+16
   0.2067037990E+11  0.1431635867E+02  0.1067865644E+34  0.1334331786E+17  0.1398049410E+16
   0.2084778242E+11  0.1398154747E+02  0.1081297740E+34  0.1292887471E+17  0.1387064780E+16
   0.2102868228E+11  0.1364713968E+02  0.1094898792E+34  0.1251822021E+17  0.1375916914E+16
   0.2121321748E+11  0.1331319851E+02  0.1108670923E+34  0.1211147253E+17  0.1364601360E+16
   0.2140153450E+11  0.1297978909E+02  0.1122616286E+34  0.1170875141E+17  0.1353113444E+16
   0.2159378900E+11  0.1264697849E+02  0.1136737061E+34  0.1131017812E+17  0.1341448252E+16
   0.2179014665E+11  0.1231483580E+02  0.1151035453E+34  0.1091587547E+17  0.1329600610E+16
   0.2199078399E+11  0.1198343224E+02  0.1165513697E+34  0.1052596781E+17  0.1317565068E+16
   0.2219588940E+11  0.1165284116E+02  0.1180174054E+34  0.1014058104E+17  0.1305335871E+16
   0.2240566423E+11  0.1132313818E+02  0.1195018816E+34  0.9759842618E+16  0.1292906939E+16
   0.2262032400E+11  0.1099440127E+02  0.1210050303E+34  0.9383881531E+16  0.1280271836E+16
   0.2284009979E+11  0.1066671081E+02  0.1225270862E+34  0.9012828331E+16  0.1267423739E+16
   0.2306523980E+11  0.1034014970E+02  0.1240682872E+34  0.8646815120E+16  0.1254355406E+16
   0.2329601109E+11  0.1001480350E+02  0.1256288741E+34  0.8285975564E+16  0.1241059132E+16
   0.2353270156E+11  0.9690760491E+01  0.1272090908E+34  0.7930444890E+16  0.1227526709E+16
   0.2377562221E+11  0.9368111813E+01  0.1288091842E+34  0.7580359901E+16  0.1213749374E+16
   0.2402510973E+11  0.9046951603E+01  0.1304294043E+34  0.7235858978E+16  0.1199717755E+16
   0.2428152940E+11  0.8727377126E+01  0.1320700042E+34  0.6897082097E+16  0.1185421805E+16
   0.2454527850E+11  0.8409488926E+01  0.1337312404E+34  0.6564170839E+16  0.1170850731E+16
   0.2481679021E+11  0.8093390994E+01  0.1354133723E+34  0.6237268413E+16  0.1155992912E+16
   0.2495560332E+11  0.7858522713E+01  0.1362623562E+34  0.5997104572E+16  0.1144700752E+16
   0.2509653810E+11  0.7701924397E+01  0.1371166629E+34  0.5838295506E+16  0.1137046121E+16
   0.2523966092E+11  0.7545835673E+01  0.1379763257E+34  0.5681070722E+16  0.1129312438E+16
   0.2538504139E+11  0.7390270979E+01  0.1388413782E+34  0.5525448754E+16  0.1121497866E+16
   0.2553275255E+11  0.7235245021E+01  0.1397118542E+34  0.5371448244E+16  0.1113600485E+16
   0.2568287112E+11  0.7080772773E+01  0.1405877877E+34  0.5219087946E+16  0.1105618295E+16
   0.2583547777E+11  0.6926869489E+01  0.1414692130E+34  0.5068386726E+16  0.1097549203E+16
   0.2599065737E+11  0.6773550711E+01  0.1423561644E+34  0.4919363564E+16  0.1089391024E+16
   0.2614849930E+11  0.6620832278E+01  0.1432486766E+34  0.4772037558E+16  0.1081141469E+16
   0.2630909778E+11  0.6468730337E+01  0.1441467845E+34  0.4626427926E+16  0.1072798142E+16
   0.2647255225E+11  0.6317261351E+01  0.1450505231E+34  0.4482554006E+16  0.1064358531E+16
   0.2663896775E+11  0.6166442110E+01  0.1459599278E+34  0.4340435262E+16  0.1055819998E+16
   0.2680845534E+11  0.6016289744E+01  0.1468750341E+34  0.4200091286E+16  0.1047179773E+16
   0.2698113261E+11  0.5866821732E+01  0.1477958777E+34  0.4061541803E+16  0.1038434945E+16
   0.2715712418E+11  0.5718055921E+01  0.1487224946E+34  0.3924806672E+16  0.1029582447E+16
   0.2733656230E+11  0.5570010531E+01  0.1496549210E+34  0.3789905896E+16  0.1020619048E+16
   0.2751958748E+11  0.5422704177E+01  0.1505931933E+34  0.3656859620E+16  0.1011541337E+16
   0.2770634921E+11  0.5276155879E+01  0.1515373482E+34  0.3525688144E+16  0.1002345711E+16
   0.2789700677E+11  0.5130385083E+01  0.1524874225E+34  0.3396411925E+16  0.9930283603E+15
   0.2809173007E+11  0.4985411677E+01  0.1534434534E+34  0.3269051583E+16  0.9835852469E+15
   0.2829070068E+11  0.4841256006E+01  0.1544054781E+34  0.3143627914E+16  0.9740120880E+15
   0.2849411292E+11  0.4697938901E+01  0.1553735344E+34  0.3020161895E+16  0.9643043338E+15
   0.2870217510E+11  0.4555481691E+01  0.1563476600E+34  0.2898674692E+16  0.9544571426E+15
   0.2891511091E+11  0.4413906234E+01  0.1573278929E+34  0.2779187677E+16  0.9444653546E+15
   0.2913316103E+11  0.4273234938E+01  0.1583142714E+34  0.2661722437E+16  0.9343234606E+15
   0.2935658488E+11  0.4133490792E+01  0.1593068342E+34  0.2546300786E+16  0.9240255685E+15
   0.2958566266E+11  0.3994697391E+01  0.1603056198E+34  0.2432944784E+16  0.9135653640E+15
   0.2982069768E+11  0.3856878972E+01  0.1613106675E+34  0.2321676753E+16  0.9029360669E+15
   0.3006201904E+11  0.3720060449E+01  0.1623220163E+34  0.2212519298E+16  0.8921303814E+15
   0.3030998463E+11  0.3584267448E+01  0.1633397059E+34  0.2105495329E+16  0.8811404390E+15
   0.3043657958E+11  0.3483454952E+01  0.1638509408E+34  0.2026907842E+16  0.8728006547E+15
   0.3056498467E+11  0.3416355099E+01  0.1643637759E+34  0.1975018093E+16  0.8671601908E+15
   0.3069525441E+11  0.3349526824E+01  0.1648782161E+34  0.1923674929E+16  0.8614686626E+15
   0.3082744585E+11  0.3282973638E+01  0.1653942664E+34  0.1872881351E+16  0.8557248204E+15
   0.3096161880E+11  0.3216699102E+01  0.1659119320E+34  0.1822640384E+16  0.8499273599E+15
   0.3109783599E+11  0.3150706840E+01  0.1664312177E+34  0.1772955080E+16  0.8440749190E+15
   0.3123616324E+11  0.3085000533E+01  0.1669521288E+34  0.1723828524E+16  0.8381660743E+15
   0.3137666971E+11  0.3019583925E+01  0.1674746702E+34  0.1675263826E+16  0.8321993368E+15
   0.3151942810E+11  0.2954460823E+01  0.1679988472E+34  0.1627264133E+16  0.8261731481E+15
   0.3166451493E+11  0.2889635100E+01  0.1685246647E+34  0.1579832620E+16  0.8200858751E+15
   0.3181201079E+11  0.2825110700E+01  0.1690521280E+34  0.1532972502E+16  0.8139358056E+15
   0.3196200065E+11  0.2760891635E+01  0.1695812422E+34  0.1486687030E+16  0.8077211423E+15
   0.3211457421E+11  0.2696981992E+01  0.1701120125E+34  0.1440979493E+16  0.8014399969E+15
   0.3226982621E+11  0.2633385934E+01  0.1706444440E+34  0.1395853222E+16  0.7950903839E+15
   0.3242785689E+11  0.2570107705E+01  0.1711785420E+34  0.1351311594E+16  0.7886702129E+15
   0.3258877237E+11  0.2507151631E+01  0.1717143117E+34  0.1307358030E+16  0.7821772810E+15
   0.3275268517E+11  0.2444522122E+01  0.1722517582E+34  0.1263996003E+16  0.7756092640E+15
   0.3291971473E+11  0.2382223679E+01  0.1727908869E+34  0.1221229035E+16  0.7689637072E+15
   0.3308998796E+11  0.2320260898E+01  0.1733317030E+34  0.1179060706E+16  0.7622380145E+15
   0.3326363999E+11  0.2258638468E+01  0.1738742118E+34  0.1137494657E+16  0.7554294369E+15
   0.3344081478E+11  0.2197361184E+01  0.1744184186E+34  0.1096534590E+16  0.7485350599E+15
   0.3362166602E+11  0.2136433943E+01  0.1749643287E+34  0.1056184275E+16  0.7415517889E+15
   0.3380635799E+11  0.2075861756E+01  0.1755119474E+34  0.1016447555E+16  0.7344763336E+15
   0.3399506662E+11  0.2015649748E+01  0.1760612802E+34  0.9773283488E+15  0.7273051900E+15
   0.3418798057E+11  0.1955803166E+01  0.1766123322E+34  0.9388306610E+15  0.7200346209E+15
   0.3438530258E+11  0.1896327385E+01  0.1771651090E+34  0.9009585834E+15  0.7126606332E+15
   0.3458725088E+11  0.1837227912E+01  0.1777196160E+34  0.8637163045E+15  0.7051789536E+15
   0.3479406089E+11  0.1778510396E+01  0.1782758584E+34  0.8271081160E+15  0.6975849996E+15
   0.3500598707E+11  0.1720180633E+01  0.1788338419E+34  0.7911384218E+15  0.6898738479E+15
   0.3522330508E+11  0.1662244575E+01  0.1793935718E+34  0.7558117462E+15  0.6820401981E+15
   0.3544631425E+11  0.1604708336E+01  0.1799550535E+34  0.7211327451E+15  0.6740783314E+15
   0.3567534043E+11  0.1547578205E+01  0.1805182927E+34  0.6871062165E+15  0.6659820625E+15
   0.3579221978E+11  0.1505132073E+01  0.1808005730E+34  0.6620943548E+15  0.6598368012E+15
   0.3591073928E+11  0.1476878973E+01  0.1810832947E+34  0.6455753628E+15  0.6556820576E+15
   0.3603094868E+11  0.1448731149E+01  0.1813664585E+34  0.6292223428E+15  0.6514897638E+15
   0.3615290009E+11  0.1420689461E+01  0.1816500651E+34  0.6130359587E+15  0.6472589286E+15
   0.3627664815E+11  0.1392754781E+01  0.1819341152E+34  0.5970168868E+15  0.6429885162E+15
   0.3640225021E+11  0.1364927999E+01  0.1822186095E+34  0.5811658163E+15  0.6386774432E+15
   0.3652976651E+11  0.1337210016E+01  0.1825035486E+34  0.5654834503E+15  0.6343245754E+15
   0.3665926036E+11  0.1309601748E+01  0.1827889333E+34  0.5499705061E+15  0.6299287246E+15
   0.3679079838E+11  0.1282104128E+01  0.1830747642E+34  0.5346277160E+15  0.6254886450E+15
   0.3692445075E+11  0.1254718103E+01  0.1833610422E+34  0.5194558286E+15  0.6210030291E+15
   0.3706029142E+11  0.1227444637E+01  0.1836477677E+34  0.5044556087E+15  0.6164705032E+15
   0.3719839845E+11  0.1200284709E+01  0.1839349417E+34  0.4896278391E+15  0.6118896234E+15
   0.3733885430E+11  0.1173239318E+01  0.1842225647E+34  0.4749733210E+15  0.6072588694E+15
   0.3748174617E+11  0.1146309477E+01  0.1845106374E+34  0.4604928752E+15  0.6025766400E+15
   0.3762716638E+11  0.1119496220E+01  0.1847991606E+34  0.4461873431E+15  0.5978412458E+15
   0.3777521279E+11  0.1092800599E+01  0.1850881350E+34  0.4320575882E+15  0.5930509035E+15
   0.3792598927E+11  0.1066223685E+01  0.1853775613E+34  0.4181044972E+15  0.5882037275E+15
   0.3807960620E+11  0.1039766570E+01  0.1856674401E+34  0.4043289811E+15  0.5832977222E+15
   0.3823618102E+11  0.1013430365E+01  0.1859577723E+34  0.3907319773E+15  0.5783307725E+15
   0.3839583890E+11  0.9872162041E+00  0.1862485584E+34  0.3773144506E+15  0.5733006342E+15
   0.3855871342E+11  0.9611252421E+00  0.1865397993E+34  0.3640773956E+15  0.5682049222E+15
   0.3872494734E+11  0.9351586567E+00  0.1868314955E+34  0.3510218381E+15  0.5630410983E+15
   0.3889469351E+11  0.9093176490E+00  0.1871236479E+34  0.3381488374E+15  0.5578064571E+15
   0.3906811587E+11  0.8836034439E+00  0.1874162572E+34  0.3254594888E+15  0.5524981105E+15
   0.3924539051E+11  0.8580172908E+00  0.1877093240E+34  0.3129549255E+15  0.5471129701E+15
   0.3942670700E+11  0.8325604646E+00  0.1880028490E+34  0.3006363222E+15  0.5416477272E+15
   0.3961226980E+11  0.8072342659E+00  0.1882968331E+34  0.2885048974E+15  0.5360988308E+15
   0.3980229986E+11  0.7820400217E+00  0.1885912769E+34  0.2765619170E+15  0.5304624623E+15
   0.3999703655E+11  0.7569790862E+00  0.1888861811E+34  0.2648086981E+15  0.5247345063E+15
   0.4019673974E+11  0.7320528409E+00  0.1891815464E+34  0.2532466127E+15  0.5189105183E+15
   0.4029854120E+11  0.7134991985E+00  0.1893294023E+34  0.2447250302E+15  0.5144890788E+15
   0.4040169231E+11  0.7011390097E+00  0.1894773737E+34  0.2390888075E+15  0.5115008669E+15
   0.4050623250E+11  0.6888133148E+00  0.1896254607E+34  0.2335011996E+15  0.5084858145E+15
   0.4061220299E+11  0.6765222980E+00  0.1897736635E+34  0.2279624025E+15  0.5054432126E+15
   0.4071964697E+11  0.6642661450E+00  0.1899219821E+34  0.2224726168E+15  0.5023723212E+15
   0.4082860966E+11  0.6520450437E+00  0.1900704166E+34  0.2170320482E+15  0.4992723668E+15
   0.4093913849E+11  0.6398591834E+00  0.1902189671E+34  0.2116409073E+15  0.4961425407E+15
   0.4105128323E+11  0.6277087554E+00  0.1903676338E+34  0.2062994103E+15  0.4929819964E+15
   0.4116509616E+11  0.6155939526E+00  0.1905164166E+34  0.2010077788E+15  0.4897898476E+15
   0.4128063222E+11  0.6035149697E+00  0.1906653157E+34  0.1957662405E+15  0.4865651648E+15
   0.4139794923E+11  0.5914720030E+00  0.1908143312E+34  0.1905750290E+15  0.4833069733E+15
   0.4151710808E+11  0.5794652505E+00  0.1909634631E+34  0.1854343848E+15  0.4800142492E+15
   0.4163817295E+11  0.5674949115E+00  0.1911127116E+34  0.1803445547E+15  0.4766859165E+15
   0.4176121157E+11  0.5555611870E+00  0.1912620768E+34  0.1753057930E+15  0.4733208432E+15
   0.4188629551E+11  0.5436642793E+00  0.1914115586E+34  0.1703183615E+15  0.4699178371E+15
   0.4201350043E+11  0.5318043920E+00  0.1915611574E+34  0.1653825299E+15  0.4664756413E+15
   0.4214290644E+11  0.5199817296E+00  0.1917108730E+34  0.1604985761E+15  0.4629929292E+15
   0.4227459847E+11  0.5081964979E+00  0.1918607056E+34  0.1556667872E+15  0.4594682995E+15
   0.4240866666E+11  0.4964489032E+00  0.1920106554E+34  0.1508874592E+15  0.4559002696E+15
   0.4254520678E+11  0.4847391526E+00  0.1921607223E+34  0.1461608984E+15  0.4522872692E+15
   0.4268432077E+11  0.4730674533E+00  0.1923109065E+34  0.1414874213E+15  0.4486276332E+15
   0.4282611725E+11  0.4614340127E+00  0.1924612081E+34  0.1368673555E+15  0.4449195934E+15
   0.4297071216E+11  0.4498390377E+00  0.1926116272E+34  0.1323010406E+15  0.4411612693E+15
   0.4311822940E+11  0.4382827347E+00  0.1927621638E+34  0.1277888284E+15  0.4373506585E+15
   0.4326880165E+11  0.4267653088E+00  0.1929128181E+34  0.1233310844E+15  0.4334856249E+15
   0.4342257121E+11  0.4152869634E+00  0.1930635901E+34  0.1189281880E+15  0.4295638866E+15
   0.4357969096E+11  0.4038478995E+00  0.1932144800E+34  0.1145805342E+15  0.4255830016E+15
   0.4374032549E+11  0.3924483151E+00  0.1933654878E+34  0.1102885338E+15  0.4215403516E+15
   0.4390465231E+11  0.3810884041E+00  0.1935166136E+34  0.1060526155E+15  0.4174331244E+15
   0.4407286331E+11  0.3697683557E+00  0.1936678575E+34  0.1018732264E+15  0.4132582933E+15
   0.4424516638E+11  0.3584883525E+00  0.1938192197E+34  0.9775083392E+14  0.4090125937E+15
   0.4442178725E+11  0.3472485700E+00  0.1939707001E+34  0.9368592720E+14  0.4046924968E+15
   0.4451179282E+11  0.3388675954E+00  0.1940464847E+34  0.9068326035E+14  0.4014101448E+15
   0.4460297169E+11  0.3332783200E+00  0.1941222989E+34  0.8869445905E+14  0.3991909482E+15
   0.4469535812E+11  0.3276991990E+00  0.1941981427E+34  0.8672032789E+14  0.3969508995E+15
   0.4478898795E+11  0.3221302508E+00  0.1942740162E+34  0.8476093765E+14  0.3946894344E+15
   0.4488389871E+11  0.3165714925E+00  0.1943499193E+34  0.8281636092E+14  0.3924059631E+15
   0.4498012971E+11  0.3110229404E+00  0.1944258521E+34  0.8088667224E+14  0.3900998692E+15
   0.4507772218E+11  0.3054846096E+00  0.1945018145E+34  0.7897194814E+14  0.3877705079E+15
   0.4517671940E+11  0.2999565140E+00  0.1945778066E+34  0.7707226728E+14  0.3854172039E+15
   0.4527716682E+11  0.2944386662E+00  0.1946538284E+34  0.7518771048E+14  0.3830392494E+15
   0.4537911224E+11  0.2889310773E+00  0.1947298799E+34  0.7331836090E+14  0.3806359024E+15
   0.4548260594E+11  0.2834337568E+00  0.1948059612E+34  0.7146430410E+14  0.3782063836E+15
   0.4558770090E+11  0.2779467122E+00  0.1948820721E+34  0.6962562817E+14  0.3757498745E+15
   0.4569445296E+11  0.2724699495E+00  0.1949582128E+34  0.6780242386E+14  0.3732655142E+15
   0.4580292109E+11  0.2670034721E+00  0.1950343832E+34  0.6599478474E+14  0.3707523964E+15
   0.4591316756E+11  0.2615472813E+00  0.1951105834E+34  0.6420280729E+14  0.3682095660E+15
   0.4602525825E+11  0.2561013759E+00  0.1951868134E+34  0.6242659112E+14  0.3656360156E+15
   0.4613926293E+11  0.2506657516E+00  0.1952630731E+34  0.6066623906E+14  0.3630306813E+15
   0.4625525557E+11  0.2452404013E+00  0.1953393626E+34  0.5892185744E+14  0.3603924381E+15
   0.4637331470E+11  0.2398253142E+00  0.1954156820E+34  0.5719355619E+14  0.3577200954E+15
   0.4649352378E+11  0.2344204759E+00  0.1954920311E+34  0.5548144912E+14  0.3550123911E+15
   0.4661597167E+11  0.2290258678E+00  0.1955684101E+34  0.5378565410E+14  0.3522679859E+15
   0.4674075308E+11  0.2236414665E+00  0.1956448190E+34  0.5210629333E+14  0.3494854564E+15
   0.4686796911E+11  0.2182672438E+00  0.1957212577E+34  0.5044349360E+14  0.3466632881E+15
   0.4699772789E+11  0.2129031657E+00  0.1957977262E+34  0.4879738660E+14  0.3437998663E+15
   0.4713014522E+11  0.2075491919E+00  0.1958742246E+34  0.4716810919E+14  0.3408934679E+15
   0.4726534531E+11  0.2022052754E+00  0.1959507529E+34  0.4555580381E+14  0.3379422499E+15
   0.4740346171E+11  0.1968713612E+00  0.1960273112E+34  0.4396061879E+14  0.3349442386E+15
   0.4754463822E+11  0.1915473859E+00  0.1961038993E+34  0.4238270883E+14  0.3318973159E+15
   0.4768903003E+11  0.1862332762E+00  0.1961805173E+34  0.4082223540E+14  0.3287992046E+15
   0.4783680496E+11  0.1809289485E+00  0.1962571653E+34  0.3927936729E+14  0.3256474513E+15
   0.4798814491E+11  0.1756343066E+00  0.1963338433E+34  0.3775428114E+14  0.3224394072E+15
   0.4814324752E+11  0.1703492412E+00  0.1964105511E+34  0.3624716205E+14  0.3191722058E+15
   0.4830232807E+11  0.1650736275E+00  0.1964872890E+34  0.3475820430E+14  0.3158427378E+15
   0.4846562171E+11  0.1598073234E+00  0.1965640568E+34  0.3328761207E+14  0.3124476215E+15
   0.4854892798E+11  0.1558745241E+00  0.1966024520E+34  0.3219985571E+14  0.3098632303E+15
   0.4863338602E+11  0.1532483756E+00  0.1966408547E+34  0.3147856392E+14  0.3081131900E+15
   0.4871903205E+11  0.1506244624E+00  0.1966792648E+34  0.3076198937E+14  0.3063445561E+15
   0.4880590406E+11  0.1480027584E+00  0.1967176825E+34  0.3005016200E+14  0.3045567764E+15
   0.4889404199E+11  0.1453832363E+00  0.1967561077E+34  0.2934311267E+14  0.3027492723E+15
   0.4898348786E+11  0.1427658667E+00  0.1967945404E+34  0.2864087310E+14  0.3009214362E+15
   0.4907428589E+11  0.1401506182E+00  0.1968329806E+34  0.2794347599E+14  0.2990726299E+15
   0.4916648268E+11  0.1375374573E+00  0.1968714282E+34  0.2725095499E+14  0.2972021824E+15
   0.4926012740E+11  0.1349263483E+00  0.1969098835E+34  0.2656334485E+14  0.2953093874E+15
   0.4935527197E+11  0.1323172529E+00  0.1969483462E+34  0.2588068135E+14  0.2933935007E+15
   0.4945197126E+11  0.1297101302E+00  0.1969868164E+34  0.2520300148E+14  0.2914537375E+15
   0.4955028337E+11  0.1271049364E+00  0.1970252941E+34  0.2453034341E+14  0.2894892690E+15
   0.4965026983E+11  0.1245016247E+00  0.1970637794E+34  0.2386274661E+14  0.2874992195E+15
   0.4975199594E+11  0.1219001448E+00  0.1971022722E+34  0.2320025189E+14  0.2854826620E+15
   0.4985553105E+11  0.1193004430E+00  0.1971407725E+34  0.2254290150E+14  0.2834386142E+15
   0.4996094895E+11  0.1167024616E+00  0.1971792803E+34  0.2189073920E+14  0.2813660342E+15
   0.5006832821E+11  0.1141061385E+00  0.1972177956E+34  0.2124381036E+14  0.2792638150E+15
   0.5017775267E+11  0.1115114070E+00  0.1972563185E+34  0.2060216205E+14  0.2771307789E+15
   0.5028931188E+11  0.1089181955E+00  0.1972948489E+34  0.1996584315E+14  0.2749656711E+15
   0.5040310170E+11  0.1063264268E+00  0.1973333868E+34  0.1933490446E+14  0.2727671526E+15
   0.5051922486E+11  0.1037360176E+00  0.1973719322E+34  0.1870939885E+14  0.2705337927E+15
   0.5063779171E+11  0.1011468780E+00  0.1974104852E+34  0.1808938137E+14  0.2682640589E+15
   0.5075892093E+11  0.9855891102E-01  0.1974490457E+34  0.1747490942E+14  0.2659563083E+15
   0.5088274050E+11  0.9597201133E-01  0.1974876137E+34  0.1686604288E+14  0.2636087748E+15
   0.5100938865E+11  0.9338606507E-01  0.1975261893E+34  0.1626284439E+14  0.2612195574E+15
   0.5113901505E+11  0.9080094846E-01  0.1975647724E+34  0.1566537942E+14  0.2587866044E+15
   0.5127178212E+11  0.8821652698E-01  0.1976033631E+34  0.1507371660E+14  0.2563076974E+15
   0.5140786657E+11  0.8563265395E-01  0.1976419612E+34  0.1448792793E+14  0.2537804317E+15
   0.5154746114E+11  0.8304916939E-01  0.1976805669E+34  0.1390808904E+14  0.2512021940E+15
   0.5169077666E+11  0.8046589814E-01  0.1977191802E+34  0.1333427954E+14  0.2485701369E+15
   0.5176390120E+11  0.7853381492E-01  0.1977384897E+34  0.1290910097E+14  0.2465645081E+15
   0.5183804447E+11  0.7724225239E-01  0.1977578010E+34  0.1262680995E+14  0.2452053681E+15
   0.5191323905E+11  0.7595063225E-01  0.1977771142E+34  0.1234607553E+14  0.2438309299E+15
   0.5198951919E+11  0.7465892562E-01  0.1977964293E+34  0.1206690942E+14  0.2424407260E+15
   0.5206692087E+11  0.7336710225E-01  0.1978157463E+34  0.1178932372E+14  0.2410342652E+15
   0.5214548203E+11  0.7207513022E-01  0.1978350652E+34  0.1151333087E+14  0.2396110317E+15
   0.5222524262E+11  0.7078297605E-01  0.1978543860E+34  0.1123894371E+14  0.2381704826E+15
   0.5230624478E+11  0.6949060441E-01  0.1978737087E+34  0.1096617545E+14  0.2367120465E+15
   0.5238853303E+11  0.6819797811E-01  0.1978930332E+34  0.1069503977E+14  0.2352351212E+15
   0.5247215443E+11  0.6690505788E-01  0.1979123597E+34  0.1042555073E+14  0.2337390713E+15
   0.5255715878E+11  0.6561180231E-01  0.1979316880E+34  0.1015772291E+14  0.2322232255E+15
   0.5264359887E+11  0.6431816757E-01  0.1979510182E+34  0.9891571361E+13  0.2306868744E+15
   0.5273153069E+11  0.6302410736E-01  0.1979703503E+34  0.9627111663E+13  0.2291292665E+15
   0.5282101373E+11  0.6172957261E-01  0.1979896843E+34  0.9364359935E+13  0.2275496056E+15
   0.5291211127E+11  0.6043451133E-01  0.1980090201E+34  0.9103332894E+13  0.2259470465E+15
   0.5300489074E+11  0.5913886832E-01  0.1980283579E+34  0.8844047862E+13  0.2243206908E+15
   0.5309942405E+11  0.5784258496E-01  0.1980476976E+34  0.8586522831E+13  0.2226695825E+15
   0.5319578805E+11  0.5654559886E-01  0.1980670391E+34  0.8330776476E+13  0.2209927026E+15
   0.5329406500E+11  0.5524784360E-01  0.1980863825E+34  0.8076828230E+13  0.2192889633E+15
   0.5339434307E+11  0.5394924828E-01  0.1981057278E+34  0.7824698306E+13  0.2175572012E+15
   0.5349671698E+11  0.5264973722E-01  0.1981250751E+34  0.7574407774E+13  0.2157961703E+15
   0.5360128863E+11  0.5134922942E-01  0.1981444241E+34  0.7325978599E+13  0.2140045337E+15
   0.5370816791E+11  0.5004763812E-01  0.1981637751E+34  0.7079433727E+13  0.2121808539E+15
   0.5381747353E+11  0.4874487016E-01  0.1981831280E+34  0.6834797134E+13  0.2103235821E+15
   0.5392933405E+11  0.4744082542E-01  0.1982024828E+34  0.6592093931E+13  0.2084310467E+15
   0.5404388901E+11  0.4613539598E-01  0.1982218394E+34  0.6351350424E+13  0.2065014385E+15
   0.5416129026E+11  0.4482846541E-01  0.1982411980E+34  0.6112594237E+13  0.2045327957E+15
   0.5428170347E+11  0.4351990771E-01  0.1982605584E+34  0.5875854399E+13  0.2025229846E+15
   0.5434309554E+11  0.4253992999E-01  0.1982702393E+34  0.5700103821E+13  0.2009912976E+15
   0.5440530991E+11  0.4188434898E-01  0.1982799207E+34  0.5583280290E+13  0.1999534585E+15
   0.5446837201E+11  0.4122828198E-01  0.1982896026E+34  0.5466978783E+13  0.1989039509E+15
   0.5453230852E+11  0.4057170897E-01  0.1982992850E+34  0.5351203580E+13  0.1978424270E+15
   0.5459714747E+11  0.3991460885E-01  0.1983089678E+34  0.5235959054E+13  0.1967685218E+15
   0.5466291833E+11  0.3925695973E-01  0.1983186511E+34  0.5121249738E+13  0.1956818526E+15
   0.5472965207E+11  0.3859873855E-01  0.1983283348E+34  0.5007080269E+13  0.1945820171E+15
   0.5479738134E+11  0.3793992131E-01  0.1983380191E+34  0.4893455454E+13  0.1934685926E+15
   0.5486614054E+11  0.3728048271E-01  0.1983477038E+34  0.4780380220E+13  0.1923411343E+15
   0.5493596595E+11  0.3662039637E-01  0.1983573890E+34  0.4667859681E+13  0.1911991735E+15
   0.5500689591E+11  0.3595963444E-01  0.1983670746E+34  0.4555899083E+13  0.1900422163E+15
   0.5507897097E+11  0.3529816781E-01  0.1983767608E+34  0.4444503877E+13  0.1888697411E+15
   0.5515223404E+11  0.3463596571E-01  0.1983864474E+34  0.4333679665E+13  0.1876811968E+15
   0.5522673060E+11  0.3397299592E-01  0.1983961344E+34  0.4223432272E+13  0.1864760006E+15
   0.5530250892E+11  0.3330922431E-01  0.1984058220E+34  0.4113767698E+13  0.1852535348E+15
   0.5537962032E+11  0.3264461505E-01  0.1984155100E+34  0.4004692185E+13  0.1840131449E+15
   0.5545811936E+11  0.3197913012E-01  0.1984251985E+34  0.3896212179E+13  0.1827541352E+15
   0.5553806421E+11  0.3131272950E-01  0.1984348875E+34  0.3788334390E+13  0.1814757664E+15
   0.5561951694E+11  0.3064537068E-01  0.1984445769E+34  0.3681065765E+13  0.1801772511E+15
   0.5570254390E+11  0.2997700872E-01  0.1984542668E+34  0.3574413544E+13  0.1788577495E+15
   0.5578721613E+11  0.2930759580E-01  0.1984639572E+34  0.3468385238E+13  0.1775163644E+15
   0.5587360979E+11  0.2863708124E-01  0.1984736481E+34  0.3362988691E+13  0.1761521362E+15
   0.5596180675E+11  0.2796541095E-01  0.1984833394E+34  0.3258232057E+13  0.1747640360E+15
   0.5605189511E+11  0.2729252740E-01  0.1984930312E+34  0.3154123868E+13  0.1733509591E+15
   0.5614396991E+11  0.2661836904E-01  0.1985027235E+34  0.3050673015E+13  0.1719117169E+15
   0.5623813389E+11  0.2594287014E-01  0.1985124162E+34  0.2947888823E+13  0.1704450283E+15
   0.5633449835E+11  0.2526596016E-01  0.1985221095E+34  0.2845781035E+13  0.1689495086E+15
   0.5643318416E+11  0.2458756348E-01  0.1985318032E+34  0.2744359892E+13  0.1674236588E+15
   0.5653432294E+11  0.2390759860E-01  0.1985414973E+34  0.2643636132E+13  0.1658658514E+15
   0.5663805835E+11  0.2322597781E-01  0.1985511920E+34  0.2543621070E+13  0.1642743154E+15
   0.5674454769E+11  0.2254260614E-01  0.1985608871E+34  0.2444326610E+13  0.1626471177E+15
   0.5685396371E+11  0.2185738085E-01  0.1985705827E+34  0.2345765336E+13  0.1609821427E+15
   0.5690982796E+11  0.2134362925E-01  0.1985754307E+34  0.2272539441E+13  0.1597108496E+15
   0.5696649677E+11  0.2099955106E-01  0.1985802787E+34  0.2223824029E+13  0.1588479693E+15
   0.5702399708E+11  0.2065494441E-01  0.1985851270E+34  0.2175299760E+13  0.1579742640E+15
   0.5708235731E+11  0.2030979281E-01  0.1985899753E+34  0.2126968519E+13  0.1570893809E+15
   0.5714160740E+11  0.1996407893E-01  0.1985948237E+34  0.2078832235E+13  0.1561929485E+15
   0.5720177897E+11  0.1961778470E-01  0.1985996723E+34  0.2030892909E+13  0.1552845752E+15
   0.5726290541E+11  0.1927089107E-01  0.1986045210E+34  0.1983152599E+13  0.1543638479E+15
   0.5732502208E+11  0.1892337817E-01  0.1986093698E+34  0.1935613443E+13  0.1534303303E+15
   0.5738816641E+11  0.1857522503E-01  0.1986142187E+34  0.1888277637E+13  0.1524835608E+15
   0.5745237811E+11  0.1822640970E-01  0.1986190677E+34  0.1841147471E+13  0.1515230510E+15
   0.5751769933E+11  0.1787690897E-01  0.1986239169E+34  0.1794225301E+13  0.1505482830E+15
   0.5758417489E+11  0.1752669851E-01  0.1986287662E+34  0.1747513581E+13  0.1495587072E+15
   0.5765185254E+11  0.1717575255E-01  0.1986336156E+34  0.1701014847E+13  0.1485537395E+15
   0.5772078315E+11  0.1682404397E-01  0.1986384651E+34  0.1654731741E+13  0.1475327583E+15
   0.5779102108E+11  0.1647154401E-01  0.1986433147E+34  0.1608667000E+13  0.1464951008E+15
   0.5786262447E+11  0.1611822232E-01  0.1986481645E+34  0.1562823479E+13  0.1454400598E+15
   0.5793565561E+11  0.1576404664E-01  0.1986530143E+34  0.1517204141E+13  0.1443668789E+15
   0.5801018134E+11  0.1540898278E-01  0.1986578643E+34  0.1471812085E+13  0.1432747482E+15
   0.5808627358E+11  0.1505299435E-01  0.1986627144E+34  0.1426650533E+13  0.1421627983E+15
   0.5816400978E+11  0.1469604266E-01  0.1986675646E+34  0.1381722861E+13  0.1410300950E+15
   0.5824347359E+11  0.1433808634E-01  0.1986724150E+34  0.1337032590E+13  0.1398756317E+15
   0.5832475551E+11  0.1397908131E-01  0.1986772655E+34  0.1292583416E+13  0.1386983222E+15
   0.5840795369E+11  0.1361898026E-01  0.1986821160E+34  0.1248379204E+13  0.1374969910E+15
   0.5849317487E+11  0.1325773254E-01  0.1986869667E+34  0.1204424023E+13  0.1362703637E+15
   0.5858053536E+11  0.1289528362E-01  0.1986918175E+34  0.1160722143E+13  0.1350170547E+15
   0.5867016236E+11  0.1253157483E-01  0.1986966685E+34  0.1117278068E+13  0.1337355540E+15
   0.5876219529E+11  0.1216654273E-01  0.1987015195E+34  0.1074096544E+13  0.1324242105E+15
   0.5885678749E+11  0.1180011871E-01  0.1987063707E+34  0.1031182593E+13  0.1310812143E+15
   0.5890509553E+11  0.1152512609E-01  0.1987087963E+34  0.9992664786E+12  0.1300549518E+15
   0.5895410822E+11  0.1134081695E-01  0.1987112220E+34  0.9780165239E+12  0.1293579459E+15
   0.5900384958E+11  0.1115611640E-01  0.1987136477E+34  0.9568366174E+12  0.1286518422E+15
   0.5905434494E+11  0.1097101330E-01  0.1987160734E+34  0.9357275012E+12  0.1279363367E+15
   0.5910562104E+11  0.1078549624E-01  0.1987184991E+34  0.9146899638E+12  0.1272111097E+15
   0.5915770612E+11  0.1059955303E-01  0.1987209249E+34  0.8937247964E+12  0.1264758231E+15
   0.5921063008E+11  0.1041317111E-01  0.1987233507E+34  0.8728328397E+12  0.1257301206E+15
   0.5926442456E+11  0.1022633709E-01  0.1987257766E+34  0.8520149411E+12  0.1249736245E+15
   0.5931912314E+11  0.1003903713E-01  0.1987282024E+34  0.8312719995E+12  0.1242059356E+15
   0.5937476146E+11  0.9851256453E-02  0.1987306283E+34  0.8106049250E+12  0.1234266302E+15
   0.5943137740E+11  0.9662979725E-02  0.1987330543E+34  0.7900146820E+12  0.1226352592E+15
   0.5948901132E+11  0.9474190592E-02  0.1987354802E+34  0.7695022505E+12  0.1218313443E+15
   0.5954770622E+11  0.9284871989E-02  0.1987379062E+34  0.7490686684E+12  0.1210143774E+15
   0.5960750805E+11  0.9095005713E-02  0.1987403322E+34  0.7287149953E+12  0.1201838160E+15
   0.5966846591E+11  0.8904572692E-02  0.1987427583E+34  0.7084423521E+12  0.1193390817E+15
   0.5973063246E+11  0.8713552555E-02  0.1987451843E+34  0.6882518879E+12  0.1184795553E+15
   0.5979406418E+11  0.8521923871E-02  0.1987476104E+34  0.6681448188E+12  0.1176045742E+15
   0.5985882179E+11  0.8329663711E-02  0.1987500366E+34  0.6481223963E+12  0.1167134266E+15
   0.5992497075E+11  0.8136747850E-02  0.1987524627E+34  0.6281859449E+12  0.1158053481E+15
   0.5999258170E+11  0.7943150318E-02  0.1987548889E+34  0.6083368339E+12  0.1148795143E+15
   0.6006173106E+11  0.7748843548E-02  0.1987573151E+34  0.5885765134E+12  0.1139350362E+15
   0.6013250172E+11  0.7553797912E-02  0.1987597414E+34  0.5689064889E+12  0.1129709509E+15
   0.6020498380E+11  0.7357981811E-02  0.1987621677E+34  0.5493283564E+12  0.1119862152E+15
   0.6027927550E+11  0.7161361171E-02  0.1987645940E+34  0.5298437807E+12  0.1109796940E+15
   0.6035548417E+11  0.6963899467E-02  0.1987670203E+34  0.5104545295E+12  0.1099501505E+15
   0.6043372748E+11  0.6765557160E-02  0.1987694467E+34  0.4911624552E+12  0.1088962321E+15
   0.6047365206E+11  0.6616602951E-02  0.1987706599E+34  0.4767973546E+12  0.1080911213E+15
   0.6051413484E+11  0.6516739891E-02  0.1987718731E+34  0.4672266295E+12  0.1075445631E+15
   0.6055519409E+11  0.6416631846E-02  0.1987730863E+34  0.4576813698E+12  0.1069910307E+15
   0.6059684905E+11  0.6316272473E-02  0.1987742995E+34  0.4481618457E+12  0.1064302991E+15
   0.6063911999E+11  0.6215655291E-02  0.1987755127E+34  0.4386683487E+12  0.1058621323E+15
   0.6068202825E+11  0.6114773407E-02  0.1987767260E+34  0.4292011685E+12  0.1052862813E+15
   0.6072559640E+11  0.6013619732E-02  0.1987779392E+34  0.4197606152E+12  0.1047024839E+15
   0.6076984826E+11  0.5912186731E-02  0.1987791525E+34  0.4103469987E+12  0.1041104630E+15
   0.6081480904E+11  0.5810466625E-02  0.1987803657E+34  0.4009606494E+12  0.1035099266E+15
   0.6086050541E+11  0.5708451147E-02  0.1987815790E+34  0.3916018995E+12  0.1029005652E+15
   0.6090696568E+11  0.5606131729E-02  0.1987827923E+34  0.3822711026E+12  0.1022820514E+15
   0.6095421990E+11  0.5503499263E-02  0.1987840055E+34  0.3729686154E+12  0.1016540380E+15
   0.6100229999E+11  0.5400544273E-02  0.1987852188E+34  0.3636948174E+12  0.1010161566E+15
   0.6105123997E+11  0.5297256682E-02  0.1987864321E+34  0.3544500931E+12  0.1003680153E+15
   0.6110107608E+11  0.5193625967E-02  0.1987876454E+34  0.3452348510E+12  0.9970919737E+14
   0.6115184703E+11  0.5089640920E-02  0.1987888587E+34  0.3360495071E+12  0.9903925808E+14
   0.6120359419E+11  0.4985289799E-02  0.1987900720E+34  0.3268945026E+12  0.9835772316E+14
   0.6125636190E+11  0.4880560078E-02  0.1987912854E+34  0.3177702891E+12  0.9766408484E+14
   0.6131019775E+11  0.4775438582E-02  0.1987924987E+34  0.3086773453E+12  0.9695779980E+14
   0.6136515288E+11  0.4669911230E-02  0.1987937120E+34  0.2996161633E+12  0.9623828436E+14
   0.6142128238E+11  0.4563963151E-02  0.1987949254E+34  0.2905872648E+12  0.9550491160E+14
   0.6147864574E+11  0.4457578418E-02  0.1987961387E+34  0.2815911885E+12  0.9475700552E+14
   0.6153730727E+11  0.4350740134E-02  0.1987973521E+34  0.2726285059E+12  0.9399383696E+14
   0.6159733673E+11  0.4243430155E-02  0.1987985654E+34  0.2636998094E+12  0.9321461638E+14
   0.6165880995E+11  0.4135629141E-02  0.1987997788E+34  0.2548057284E+12  0.9241848809E+14
   0.6172180954E+11  0.4027316259E-02  0.1988009922E+34  0.2459469183E+12  0.9160452117E+14
   0.6178642579E+11  0.3918469187E-02  0.1988022056E+34  0.2371240767E+12  0.9077170140E+14
   0.6185275765E+11  0.3809063788E-02  0.1988034190E+34  0.2283379331E+12  0.8991891938E+14
   0.6192091391E+11  0.3699074059E-02  0.1988046324E+34  0.2195892658E+12  0.8904495920E+14
   0.6199101458E+11  0.3588471748E-02  0.1988058458E+34  0.2108788930E+12  0.8814848265E+14
   0.6202683505E+11  0.3505341792E-02  0.1988064525E+34  0.2043905908E+12  0.8746247995E+14
   0.6206319255E+11  0.3449558098E-02  0.1988070592E+34  0.2000652632E+12  0.8699604016E+14
   0.6210010604E+11  0.3393603278E-02  0.1988076659E+34  0.1957500277E+12  0.8652308994E+14
   0.6213759552E+11  0.3337472896E-02  0.1988082726E+34  0.1914450175E+12  0.8604340326E+14
   0.6217568215E+11  0.3281162065E-02  0.1988088794E+34  0.1871503515E+12  0.8555673927E+14
   0.6221438834E+11  0.3224665917E-02  0.1988094861E+34  0.1828661724E+12  0.8506284545E+14
   0.6225373785E+11  0.3167979097E-02  0.1988100928E+34  0.1785926088E+12  0.8456145226E+14
   0.6229375589E+11  0.3111096225E-02  0.1988106995E+34  0.1743298126E+12  0.8405227610E+14
   0.6233446926E+11  0.3054011406E-02  0.1988113062E+34  0.1700779233E+12  0.8353501381E+14
   0.6237590650E+11  0.2996718674E-02  0.1988119130E+34  0.1658371034E+12  0.8300934529E+14
   0.6241809800E+11  0.2939211506E-02  0.1988125197E+34  0.1616075043E+12  0.8247492770E+14
   0.6246107622E+11  0.2881483255E-02  0.1988131264E+34  0.1573893004E+12  0.8193139773E+14
   0.6250487586E+11  0.2823526673E-02  0.1988137331E+34  0.1531826568E+12  0.8137836538E+14
   0.6254953409E+11  0.2765334313E-02  0.1988143399E+34  0.1489877614E+12  0.8081541572E+14
   0.6259509079E+11  0.2706898075E-02  0.1988149466E+34  0.1448047948E+12  0.8024210226E+14
   0.6264158880E+11  0.2648209577E-02  0.1988155534E+34  0.1406339604E+12  0.7965794794E+14
   0.6268907429E+11  0.2589259705E-02  0.1988161601E+34  0.1364754563E+12  0.7906243784E+14
   0.6273759705E+11  0.2530038968E-02  0.1988167668E+34  0.1323295042E+12  0.7845501937E+14
   0.6278721095E+11  0.2470537048E-02  0.1988173736E+34  0.1281963222E+12  0.7783509398E+14
   0.6283797436E+11  0.2410743119E-02  0.1988179803E+34  0.1240761528E+12  0.7720201619E+14
   0.6288995071E+11  0.2350645409E-02  0.1988185871E+34  0.1199692379E+12  0.7655508405E+14
   0.6294320913E+11  0.2290231482E-02  0.1988191938E+34  0.1158758444E+12  0.7589353650E+14
   0.6299782508E+11  0.2229487793E-02  0.1988198006E+34  0.1117962415E+12  0.7521654202E+14
   0.6305388127E+11  0.2168399928E-02  0.1988204073E+34  0.1077307253E+12  0.7452319373E+14
   0.6311146860E+11  0.2106952153E-02  0.1988210141E+34  0.1036795975E+12  0.7381249546E+14
   0.6317068728E+11  0.2045127599E-02  0.1988216208E+34  0.9964318882E+11  0.7308335348E+14
   0.6320094257E+11  0.1998635051E-02  0.1988219242E+34  0.9663439625E+11  0.7252529384E+14
   0.6323164822E+11  0.1967426085E-02  0.1988222276E+34  0.9462770450E+11  0.7214581418E+14
   0.6326282002E+11  0.1936112090E-02  0.1988225309E+34  0.9262489612E+11  0.7176100233E+14
   0.6329447466E+11  0.1904690431E-02  0.1988228343E+34  0.9062602633E+11  0.7137067384E+14
   0.6332662978E+11  0.1873158184E-02  0.1988231377E+34  0.8863114166E+11  0.7097463185E+14
   0.6335930405E+11  0.1841512431E-02  0.1988234411E+34  0.8664029942E+11  0.7057267003E+14
   0.6339251728E+11  0.1809749968E-02  0.1988237445E+34  0.8465354996E+11  0.7016456812E+14
   0.6342629047E+11  0.1777867576E-02  0.1988240479E+34  0.8267095427E+11  0.6975009449E+14
   0.6346064592E+11  0.1745861730E-02  0.1988243512E+34  0.8069256704E+11  0.6932900153E+14
   0.6349560740E+11  0.1713728862E-02  0.1988246546E+34  0.7871845338E+11  0.6890102787E+14
   0.6353120020E+11  0.1681465078E-02  0.1988249580E+34  0.7674867279E+11  0.6846589365E+14
   0.6356745131E+11  0.1649066405E-02  0.1988252614E+34  0.7478329512E+11  0.6802330235E+14
   0.6360438960E+11  0.1616528521E-02  0.1988255648E+34  0.7282238526E+11  0.6757293576E+14
   0.6364204596E+11  0.1583846981E-02  0.1988258681E+34  0.7086601844E+11  0.6711445546E+14
   0.6368045350E+11  0.1551016958E-02  0.1988261715E+34  0.6891426570E+11  0.6664749732E+14
   0.6371964782E+11  0.1518033456E-02  0.1988264749E+34  0.6696720842E+11  0.6617167247E+14
   0.6375966723E+11  0.1484891050E-02  0.1988267783E+34  0.6502492462E+11  0.6568656128E+14
   0.6380055305E+11  0.1451584089E-02  0.1988270817E+34  0.6308750283E+11  0.6519171361E+14
   0.6384234992E+11  0.1418106440E-02  0.1988273851E+34  0.6115502912E+11  0.6468664204E+14
   0.6388510625E+11  0.1384451668E-02  0.1988276885E+34  0.5922760025E+11  0.6417082116E+14
   0.6392887456E+11  0.1350612781E-02  0.1988279918E+34  0.5730531162E+11  0.6364367983E+14
   0.6397371205E+11  0.1316582400E-02  0.1988282952E+34  0.5538826970E+11  0.6310459912E+14
   0.6401968117E+11  0.1282352492E-02  0.1988285986E+34  0.5347658079E+11  0.6255290313E+14
   0.6406685027E+11  0.1247914516E-02  0.1988289020E+34  0.5157036281E+11  0.6198785512E+14
   0.6411529442E+11  0.1213259158E-02  0.1988292054E+34  0.4966973494E+11  0.6140864621E+14
   0.6416509634E+11  0.1178376441E-02  0.1988295088E+34  0.4777482880E+11  0.6081438896E+14
   0.6419053466E+11  0.1152133526E-02  0.1988296605E+34  0.4636150125E+11  0.6035954193E+14
   0.6421634748E+11  0.1134513173E-02  0.1988298122E+34  0.4541853573E+11  0.6005025346E+14
   0.6424254780E+11  0.1116829673E-02  0.1988299639E+34  0.4447708646E+11  0.5973661992E+14
   0.6426914935E+11  0.1099081272E-02  0.1988301156E+34  0.4353716525E+11  0.5941848847E+14
   0.6429616667E+11  0.1081266452E-02  0.1988302673E+34  0.4259880109E+11  0.5909570346E+14
   0.6432361509E+11  0.1063383292E-02  0.1988304190E+34  0.4166200639E+11  0.5876809431E+14
   0.6435151091E+11  0.1045430104E-02  0.1988305707E+34  0.4072681121E+11  0.5843548655E+14
   0.6437987135E+11  0.1027404798E-02  0.1988307224E+34  0.3979322986E+11  0.5809768938E+14
   0.6440871475E+11  0.1009305493E-02  0.1988308740E+34  0.3886129366E+11  0.5775450634E+14
   0.6443806059E+11  0.9911299019E-03  0.1988310257E+34  0.3793101899E+11  0.5740572287E+14
   0.6446792960E+11  0.9728759256E-03  0.1988311774E+34  0.3700243863E+11  0.5705111667E+14
   0.6449834391E+11  0.9545410480E-03  0.1988313291E+34  0.3607557125E+11  0.5669044510E+14
   0.6452932713E+11  0.9361229141E-03  0.1988314808E+34  0.3515045135E+11  0.5632345521E+14
   0.6456090453E+11  0.9176187424E-03  0.1988316325E+34  0.3422710013E+11  0.5594987093E+14
